14 0.139844 0.141406 0.042188 0.076563
14 0.288281 0.139844 0.039062 0.076563
14 0.425000 0.137500 0.037500 0.071875
14 0.567187 0.140625 0.040625 0.071875
14 0.707812 0.138281 0.043750 0.073438
14 0.830469 0.139844 0.045312 0.073438
14 0.144531 0.279687 0.042188 0.078125
14 0.282813 0.278906 0.034375 0.070312
14 0.427344 0.280469 0.035937 0.060937
14 0.573438 0.284375 0.046875 0.068750
14 0.707031 0.288281 0.042188 0.064062
14 0.835156 0.287500 0.048438 0.065625
14 0.140625 0.412500 0.043750 0.062500
14 0.283594 0.411719 0.042188 0.067187
14 0.420312 0.408594 0.046875 0.057813
14 0.578125 0.410938 0.040625 0.062500
14 0.713281 0.421875 0.045312 0.071875
14 0.843750 0.421094 0.046875 0.064062
14 0.132812 0.533594 0.037500 0.082812
14 0.280469 0.522656 0.042188 0.082812
14 0.416406 0.530469 0.048438 0.076563
14 0.575000 0.523438 0.050000 0.078125
14 0.724219 0.550781 0.048438 0.082812
14 0.858594 0.550000 0.051562 0.078125
14 0.128125 0.666406 0.040625 0.085938
14 0.282031 0.672656 0.042188 0.085938
14 0.417969 0.682813 0.054688 0.093750
14 0.566406 0.677344 0.051562 0.076563
14 0.726562 0.687500 0.059375 0.068750
14 0.864844 0.685156 0.051562 0.060937
14 0.112500 0.819531 0.037500 0.085938
14 0.264062 0.824219 0.034375 0.076563
14 0.413281 0.840625 0.042188 0.081250
14 0.566406 0.825000 0.042188 0.100000
14 0.730469 0.831250 0.060937 0.075000
14 0.873437 0.841406 0.053125 0.092188
