14 0.078125 0.139844 0.056250 0.095312
14 0.246875 0.133594 0.043750 0.092188
14 0.406250 0.125781 0.043750 0.076563
14 0.575000 0.117969 0.050000 0.085938
14 0.741406 0.107031 0.057813 0.092188
14 0.917969 0.099219 0.054688 0.098437
14 0.084375 0.275781 0.050000 0.095312
14 0.250000 0.270313 0.050000 0.090625
14 0.407813 0.260937 0.062500 0.081250
14 0.577344 0.247656 0.057813 0.082812
14 0.722656 0.250781 0.076563 0.076563
14 0.915625 0.250000 0.065625 0.078125
14 0.089063 0.411719 0.046875 0.079687
14 0.243750 0.418750 0.050000 0.090625
14 0.408594 0.399219 0.045312 0.098437
14 0.564844 0.387500 0.045312 0.096875
14 0.723437 0.390625 0.046875 0.075000
14 0.917969 0.385156 0.054688 0.079687
14 0.085156 0.542188 0.051562 0.093750
14 0.231250 0.545312 0.056250 0.093750
14 0.388281 0.545312 0.048438 0.075000
14 0.565625 0.539062 0.068750 0.103125
14 0.714063 0.550781 0.040625 0.067187
14 0.914062 0.539844 0.068750 0.104688
14 0.071875 0.683594 0.037500 0.089063
14 0.228125 0.683594 0.050000 0.095312
14 0.399219 0.671094 0.048438 0.070312
14 0.558594 0.689844 0.054688 0.110937
14 0.728125 0.699219 0.062500 0.101562
14 0.907813 0.703906 0.050000 0.098437
14 0.050781 0.826562 0.042188 0.106250
14 0.236719 0.819531 0.051562 0.089063
14 0.396094 0.842187 0.057813 0.096875
14 0.567187 0.824219 0.037500 0.076563
14 0.742188 0.845313 0.071875 0.118750
14 0.918750 0.862500 0.053125 0.078125
