14 0.179688 0.101562 0.062500 0.103125
14 0.286719 0.092969 0.048438 0.076563
14 0.407813 0.094531 0.053125 0.101562
14 0.547656 0.089844 0.054688 0.092188
14 0.686719 0.084375 0.070312 0.103125
14 0.814063 0.060937 0.050000 0.093750
14 0.196875 0.252344 0.059375 0.104688
14 0.302344 0.242969 0.051562 0.089063
14 0.432812 0.234375 0.065625 0.112500
14 0.564063 0.227344 0.053125 0.070312
14 0.693750 0.228125 0.056250 0.115625
14 0.815625 0.224219 0.046875 0.076563
14 0.175000 0.415625 0.059375 0.106250
14 0.277344 0.411719 0.042188 0.079687
14 0.404687 0.385156 0.065625 0.129688
14 0.542969 0.377344 0.051562 0.082812
14 0.697656 0.387500 0.060937 0.096875
14 0.827344 0.396875 0.051562 0.084375
14 0.167969 0.591406 0.057813 0.120313
14 0.284375 0.587500 0.053125 0.084375
14 0.415625 0.571094 0.071875 0.129688
14 0.534375 0.563281 0.056250 0.107813
14 0.682031 0.555469 0.051562 0.098437
14 0.838281 0.555469 0.067187 0.101562
14 0.150781 0.746094 0.048438 0.095312
14 0.277344 0.744531 0.032813 0.060937
14 0.397656 0.745313 0.067187 0.115625
14 0.537500 0.735156 0.053125 0.089063
14 0.695312 0.736719 0.075000 0.104688
14 0.845313 0.735938 0.059375 0.059375
14 0.135156 0.899219 0.045312 0.098437
14 0.275000 0.905469 0.050000 0.117188
14 0.397656 0.885938 0.054688 0.081250
14 0.538281 0.885156 0.067187 0.120313
14 0.710156 0.896094 0.054688 0.079687
14 0.870313 0.903906 0.078125 0.120313
