1 0.268750 0.139844 0.075000 0.101562
9 0.390625 0.153125 0.065625 0.090625
8 0.511719 0.162500 0.070312 0.162500
13 0.651563 0.159375 0.078125 0.068750
14 0.766406 0.159375 0.064062 0.112500
0 0.262500 0.359375 0.025000 0.121875
11 0.400781 0.353125 0.073438 0.096875
2 0.538281 0.371094 0.073438 0.154688
13 0.667188 0.360938 0.081250 0.068750
3 0.778125 0.364844 0.084375 0.157812
4 0.276562 0.567187 0.078125 0.143750
12 0.425781 0.560156 0.070312 0.089063
5 0.566406 0.553906 0.060937 0.132812
13 0.690625 0.568750 0.075000 0.068750
6 0.796875 0.578125 0.065625 0.146875
6 0.775781 0.794531 0.057813 0.157812
5 0.553125 0.768750 0.071875 0.162500
10 0.407031 0.775000 0.067187 0.025000
7 0.252344 0.796094 0.089063 0.164062
