1 0.221094 0.182031 0.076563 0.095312
9 0.338281 0.179688 0.067187 0.112500
5 0.482031 0.181250 0.057813 0.162500
13 0.605469 0.186719 0.054688 0.057813
4 0.721094 0.187500 0.092188 0.125000
6 0.232813 0.395313 0.084375 0.156250
10 0.353125 0.395313 0.068750 0.028125
7 0.485938 0.400781 0.084375 0.142187
13 0.607031 0.385156 0.057813 0.057813
8 0.711719 0.432812 0.064062 0.196875
8 0.202344 0.655469 0.064062 0.164062
11 0.339062 0.632031 0.068750 0.098437
2 0.486719 0.639844 0.067187 0.135937
13 0.610938 0.640625 0.065625 0.065625
3 0.728125 0.661719 0.093750 0.167187
3 0.212500 0.876563 0.090625 0.137500
10 0.350781 0.857031 0.073438 0.029687
0 0.464062 0.868750 0.031250 0.140625
13 0.601562 0.850781 0.065625 0.064062
14 0.704688 0.870313 0.078125 0.125000
