1 0.235937 0.164062 0.087500 0.096875
10 0.414062 0.151562 0.075000 0.018750
0 0.510156 0.153125 0.020313 0.128125
13 0.667188 0.151562 0.075000 0.062500
14 0.774219 0.154688 0.060937 0.103125
2 0.236719 0.346875 0.064062 0.131250
9 0.390625 0.331250 0.068750 0.093750
3 0.517969 0.352344 0.076563 0.145313
13 0.687500 0.340625 0.068750 0.065625
4 0.773438 0.348438 0.065625 0.131250
5 0.217969 0.554688 0.070312 0.162500
11 0.380469 0.525000 0.089063 0.093750
6 0.497656 0.542188 0.060937 0.137500
13 0.664062 0.557813 0.065625 0.065625
7 0.758594 0.582031 0.079687 0.132812
8 0.207813 0.811719 0.075000 0.210938
12 0.404687 0.771875 0.071875 0.118750
1 0.534375 0.773438 0.093750 0.134375
13 0.660156 0.770312 0.076563 0.075000
5 0.783594 0.785156 0.057813 0.157812
