5 0.267969 0.185938 0.073438 0.184375
9 0.403125 0.180469 0.068750 0.104688
6 0.550781 0.210938 0.085938 0.156250
13 0.671875 0.204687 0.065625 0.087500
7 0.779687 0.200000 0.084375 0.143750
8 0.246875 0.403125 0.075000 0.178125
10 0.396094 0.393750 0.064062 0.025000
14 0.522656 0.396875 0.054688 0.115625
13 0.648438 0.379688 0.065625 0.068750
5 0.762500 0.391406 0.053125 0.142187
1 0.299219 0.590625 0.104688 0.112500
11 0.422656 0.600000 0.076563 0.109375
0 0.533594 0.597656 0.032813 0.160938
13 0.660937 0.571094 0.078125 0.054688
2 0.763281 0.592187 0.070312 0.140625
3 0.294531 0.802344 0.101562 0.170313
12 0.433594 0.800000 0.070312 0.103125
4 0.545312 0.794531 0.100000 0.123438
13 0.674219 0.768750 0.082812 0.068750
3 0.778125 0.782813 0.081250 0.171875
