4 0.246094 0.129688 0.089063 0.134375
9 0.385156 0.134375 0.067187 0.106250
5 0.489844 0.133594 0.054688 0.151562
13 0.624219 0.132031 0.073438 0.064062
6 0.714063 0.168750 0.071875 0.168750
7 0.243750 0.333594 0.084375 0.160938
10 0.371094 0.342187 0.073438 0.021875
8 0.475781 0.360938 0.070312 0.168750
13 0.621094 0.354687 0.085938 0.065625
14 0.717969 0.371875 0.064062 0.121875
0 0.210156 0.571094 0.029687 0.164062
12 0.381250 0.569531 0.087500 0.114062
1 0.508594 0.557813 0.082812 0.118750
13 0.634375 0.547656 0.084375 0.073438
2 0.728125 0.563281 0.081250 0.139063
3 0.202344 0.798438 0.107813 0.196875
11 0.375781 0.775781 0.082812 0.132812
4 0.503125 0.768750 0.081250 0.131250
13 0.632812 0.767188 0.081250 0.068750
6 0.751563 0.783594 0.065625 0.179688
