5 0.232031 0.142187 0.060937 0.171875
10 0.348438 0.143750 0.071875 0.021875
5 0.464062 0.139844 0.065625 0.139063
13 0.585156 0.150781 0.060937 0.051562
4 0.689844 0.154688 0.076563 0.109375
6 0.221875 0.382812 0.068750 0.118750
9 0.360938 0.363281 0.068750 0.092188
7 0.479687 0.381250 0.084375 0.140625
13 0.613281 0.371875 0.070312 0.056250
8 0.700000 0.405469 0.062500 0.182812
14 0.201563 0.591406 0.068750 0.132812
12 0.338281 0.602344 0.082812 0.092188
0 0.466406 0.610156 0.026562 0.142187
13 0.607031 0.585156 0.082812 0.064062
2 0.701562 0.606250 0.065625 0.131250
3 0.170313 0.812500 0.096875 0.165625
11 0.325781 0.814844 0.082812 0.101562
1 0.478125 0.817187 0.090625 0.100000
13 0.611719 0.810156 0.085938 0.067187
1 0.742188 0.815625 0.118750 0.134375
