8 0.210938 0.142187 0.075000 0.159375
10 0.357812 0.130469 0.078125 0.026562
7 0.492188 0.148438 0.096875 0.153125
13 0.617969 0.143750 0.073438 0.053125
6 0.703906 0.159375 0.079687 0.162500
6 0.194531 0.400781 0.079687 0.160938
9 0.346094 0.370312 0.076563 0.121875
5 0.478125 0.359375 0.075000 0.178125
5 0.625781 0.370312 0.079687 0.068750
4 0.739844 0.378906 0.095312 0.139063
4 0.225000 0.600000 0.093750 0.156250
12 0.354687 0.605469 0.096875 0.110937
3 0.472656 0.608594 0.101562 0.160938
13 0.624219 0.598437 0.089063 0.071875
2 0.741406 0.603125 0.082812 0.159375
1 0.216406 0.807031 0.110937 0.117188
11 0.350000 0.785937 0.065625 0.106250
0 0.462500 0.810156 0.025000 0.170313
13 0.600000 0.799219 0.087500 0.067187
14 0.714063 0.810156 0.065625 0.104688
