2 0.071094 0.173437 0.045312 0.087500
1 0.227344 0.171094 0.057813 0.073438
12 0.142969 0.170313 0.048438 0.059375
13 0.320312 0.174219 0.050000 0.045312
5 0.386719 0.160938 0.035937 0.087500
0 0.560937 0.171094 0.021875 0.070312
12 0.610156 0.167187 0.042188 0.062500
5 0.660937 0.163281 0.034375 0.085938
13 0.725000 0.166406 0.043750 0.039062
5 0.791406 0.168750 0.039062 0.100000
5 0.077344 0.303125 0.042188 0.106250
5 0.203125 0.314844 0.040625 0.092188
5 0.426563 0.306250 0.034375 0.084375
12 0.142969 0.320312 0.048438 0.056250
13 0.306250 0.315625 0.050000 0.043750
13 0.781250 0.302344 0.050000 0.051562
13 0.762500 0.446875 0.040625 0.040625
13 0.316406 0.442188 0.057813 0.043750
13 0.323437 0.589844 0.050000 0.054688
13 0.852344 0.587500 0.051562 0.043750
13 0.330469 0.774219 0.045312 0.045312
13 0.815625 0.764062 0.046875 0.043750
0 0.081250 0.442969 0.021875 0.092188
7 0.116406 0.446094 0.045312 0.085938
8 0.583594 0.303906 0.060937 0.104688
12 0.644531 0.302344 0.045312 0.070312
1 0.712500 0.291406 0.056250 0.070312
2 0.375000 0.310156 0.040625 0.085938
0 0.824219 0.305469 0.020313 0.085938
7 0.857812 0.312500 0.043750 0.087500
11 0.175781 0.437500 0.045312 0.062500
2 0.237500 0.439844 0.037500 0.085938
5 0.398438 0.433594 0.043750 0.104688
5 0.571875 0.439844 0.037500 0.098437
5 0.704688 0.432031 0.046875 0.095312
9 0.642969 0.439844 0.051562 0.060937
0 0.821094 0.444531 0.026562 0.082812
1 0.873437 0.446094 0.050000 0.079687
0 0.051562 0.597656 0.025000 0.073438
1 0.114844 0.592969 0.060937 0.073438
9 0.183594 0.584375 0.048438 0.068750
5 0.245312 0.584375 0.040625 0.118750
0 0.377344 0.595313 0.020313 0.096875
7 0.435156 0.589844 0.060937 0.085938
0 0.561719 0.580469 0.017188 0.092188
7 0.607812 0.585938 0.053125 0.087500
9 0.671094 0.592187 0.045312 0.068750
1 0.739844 0.579688 0.051562 0.068750
14 0.786719 0.582812 0.035937 0.065625
2 0.907031 0.591406 0.051562 0.095312
7 0.959375 0.600781 0.046875 0.089063
2 0.061719 0.784375 0.051562 0.078125
7 0.120313 0.778906 0.053125 0.089063
11 0.189844 0.775781 0.045312 0.060937
1 0.260156 0.772656 0.051562 0.070312
0 0.385156 0.770312 0.017188 0.103125
5 0.425781 0.753125 0.042188 0.096875
0 0.556250 0.771875 0.015625 0.096875
5 0.604688 0.758594 0.034375 0.098437
11 0.667969 0.765625 0.051562 0.062500
3 0.753906 0.757812 0.054688 0.100000
3 0.884375 0.781250 0.056250 0.115625
