4 0.214844 0.235156 0.070312 0.135937
9 0.310156 0.232031 0.064062 0.104688
5 0.425000 0.228125 0.056250 0.128125
13 0.591406 0.239063 0.082812 0.065625
6 0.679688 0.248438 0.062500 0.156250
7 0.201563 0.434375 0.087500 0.150000
10 0.328125 0.439063 0.065625 0.018750
8 0.449219 0.428125 0.073438 0.156250
13 0.603125 0.438281 0.068750 0.070312
14 0.705469 0.432812 0.070312 0.112500
0 0.190625 0.629687 0.021875 0.128125
12 0.353906 0.630469 0.079687 0.089063
1 0.477344 0.642969 0.082812 0.095312
13 0.621094 0.611719 0.079687 0.067187
2 0.707031 0.629687 0.092188 0.146875
3 0.210938 0.831250 0.075000 0.146875
11 0.360156 0.839063 0.067187 0.100000
4 0.478125 0.832031 0.075000 0.123438
13 0.605469 0.828125 0.067187 0.071875
5 0.707031 0.824219 0.060937 0.142187
