6 0.232813 0.161719 0.078125 0.104688
9 0.338281 0.156250 0.060937 0.093750
7 0.444531 0.158594 0.076563 0.123438
13 0.559375 0.165625 0.059375 0.056250
8 0.683594 0.167187 0.064062 0.140625
14 0.244531 0.361719 0.076563 0.114062
10 0.363281 0.338281 0.079687 0.032813
0 0.464844 0.346094 0.023438 0.151562
13 0.593750 0.341406 0.065625 0.070312
5 0.717969 0.367188 0.057813 0.137500
4 0.247656 0.542969 0.067187 0.132812
12 0.371094 0.539062 0.079687 0.106250
3 0.500000 0.528125 0.071875 0.134375
13 0.632812 0.535156 0.056250 0.067187
2 0.714844 0.547656 0.079687 0.132812
14 0.736719 0.725000 0.067187 0.128125
13 0.637500 0.727344 0.068750 0.060937
0 0.485938 0.728906 0.025000 0.179688
11 0.372656 0.730469 0.060937 0.098437
1 0.222656 0.738281 0.085938 0.114062
