14 0.133594 0.176563 0.060937 0.096875
14 0.278125 0.164062 0.031250 0.056250
14 0.431250 0.165625 0.056250 0.090625
14 0.567187 0.164062 0.040625 0.062500
14 0.703125 0.161719 0.050000 0.104688
14 0.852344 0.159375 0.032813 0.059375
14 0.085156 0.303906 0.054688 0.085938
14 0.270313 0.291406 0.034375 0.054688
14 0.433594 0.297656 0.067187 0.120313
14 0.563281 0.295312 0.054688 0.090625
14 0.711719 0.298438 0.048438 0.093750
14 0.849219 0.296875 0.032813 0.059375
14 0.103906 0.430469 0.039062 0.060937
14 0.268750 0.433594 0.056250 0.085938
14 0.427344 0.435937 0.039062 0.053125
14 0.567187 0.433594 0.059375 0.098437
14 0.714063 0.444531 0.040625 0.051562
14 0.851562 0.440625 0.059375 0.100000
14 0.090625 0.558594 0.043750 0.070312
14 0.260156 0.553906 0.035937 0.048438
14 0.428906 0.557031 0.048438 0.110937
14 0.576562 0.563281 0.046875 0.079687
14 0.725000 0.550000 0.043750 0.096875
14 0.856250 0.575781 0.043750 0.067187
14 0.078906 0.718750 0.045312 0.093750
14 0.240625 0.684375 0.037500 0.068750
14 0.434375 0.694531 0.059375 0.107813
14 0.574219 0.696875 0.051562 0.068750
14 0.735156 0.700000 0.057813 0.084375
14 0.867969 0.717187 0.051562 0.103125
14 0.060156 0.877344 0.045312 0.092188
14 0.237500 0.875781 0.040625 0.089063
14 0.418750 0.863281 0.053125 0.101562
14 0.576562 0.880469 0.059375 0.120313
14 0.732031 0.875781 0.042188 0.057813
14 0.875781 0.898438 0.073438 0.100000
