4 0.273438 0.185156 0.068750 0.092188
9 0.383594 0.178125 0.054688 0.090625
8 0.503906 0.187500 0.060937 0.121875
13 0.625000 0.182031 0.050000 0.048438
7 0.713281 0.190625 0.064062 0.112500
6 0.250781 0.363281 0.054688 0.104688
10 0.380469 0.325000 0.064062 0.028125
5 0.500000 0.335938 0.040625 0.115625
13 0.621094 0.345313 0.060937 0.056250
3 0.727344 0.360156 0.082812 0.142187
2 0.256250 0.554688 0.075000 0.118750
12 0.395313 0.546875 0.068750 0.090625
1 0.524219 0.538281 0.089063 0.101562
13 0.644531 0.536719 0.073438 0.060937
0 0.725781 0.557031 0.026562 0.135937
0 0.239844 0.743750 0.026562 0.140625
11 0.386719 0.725000 0.076563 0.090625
14 0.507812 0.717969 0.056250 0.104688
13 0.633594 0.728906 0.073438 0.064062
2 0.728906 0.731250 0.073438 0.131250
