3 0.235937 0.161719 0.071875 0.107813
9 0.395313 0.148438 0.059375 0.090625
5 0.526563 0.141406 0.053125 0.142187
13 0.642969 0.160156 0.070312 0.057813
6 0.734375 0.181250 0.071875 0.134375
7 0.246094 0.342187 0.089063 0.156250
10 0.378125 0.338281 0.053125 0.023438
4 0.490625 0.335938 0.071875 0.112500
13 0.628125 0.346094 0.071875 0.057813
2 0.746094 0.359375 0.095312 0.125000
1 0.217969 0.542188 0.076563 0.106250
12 0.396094 0.533594 0.082812 0.114062
0 0.503125 0.529687 0.021875 0.137500
13 0.644531 0.536719 0.070312 0.067187
14 0.750000 0.548438 0.068750 0.112500
8 0.196094 0.760938 0.070312 0.181250
11 0.357812 0.742969 0.068750 0.117188
3 0.491406 0.750781 0.076563 0.145313
13 0.649219 0.731250 0.073438 0.068750
1 0.761719 0.760938 0.114062 0.140625
