5 0.239063 0.174219 0.071875 0.142187
10 0.350781 0.173437 0.060937 0.018750
6 0.477344 0.172656 0.073438 0.110937
13 0.595313 0.169531 0.065625 0.064062
7 0.694531 0.189844 0.067187 0.117188
8 0.230469 0.400781 0.076563 0.167187
9 0.362500 0.381250 0.078125 0.109375
0 0.496094 0.385937 0.029687 0.137500
13 0.614844 0.382031 0.067187 0.060937
14 0.710938 0.386719 0.065625 0.104688
14 0.207813 0.600781 0.062500 0.126562
12 0.358594 0.594531 0.082812 0.107813
4 0.510156 0.584375 0.079687 0.125000
13 0.622656 0.577344 0.070312 0.060937
3 0.729688 0.620313 0.084375 0.171875
2 0.194531 0.826562 0.085938 0.150000
11 0.359375 0.810156 0.084375 0.098437
1 0.490625 0.808594 0.093750 0.126562
13 0.630469 0.808594 0.079687 0.064062
0 0.707812 0.853906 0.028125 0.192188
