4 0.248438 0.161719 0.059375 0.098437
10 0.369531 0.157031 0.064062 0.026562
0 0.485156 0.156250 0.023438 0.118750
13 0.614844 0.157031 0.064062 0.060937
5 0.727344 0.157812 0.060937 0.146875
6 0.222656 0.362500 0.079687 0.137500
9 0.382031 0.360156 0.073438 0.104688
8 0.475781 0.370312 0.064062 0.153125
13 0.625000 0.357031 0.065625 0.054688
7 0.713281 0.373437 0.067187 0.121875
3 0.214844 0.563281 0.070312 0.160938
11 0.347656 0.561719 0.067187 0.110937
2 0.463281 0.573438 0.064062 0.140625
13 0.628125 0.574219 0.062500 0.067187
1 0.739062 0.580469 0.103125 0.123438
1 0.215625 0.794531 0.090625 0.110937
12 0.381250 0.763281 0.084375 0.101562
14 0.494531 0.764062 0.070312 0.115625
13 0.626563 0.778906 0.068750 0.070312
8 0.715625 0.784375 0.059375 0.175000
