8 0.229687 0.192188 0.065625 0.140625
12 0.355469 0.186719 0.070312 0.085938
14 0.464062 0.189062 0.062500 0.103125
13 0.579688 0.185938 0.059375 0.062500
1 0.682031 0.177344 0.079687 0.114062
0 0.237500 0.384375 0.021875 0.131250
9 0.367969 0.367188 0.064062 0.090625
2 0.490625 0.358594 0.059375 0.114062
13 0.605469 0.356250 0.060937 0.059375
3 0.692969 0.379688 0.076563 0.143750
4 0.227344 0.567187 0.076563 0.121875
10 0.356250 0.564063 0.071875 0.021875
5 0.471094 0.545312 0.054688 0.143750
6 0.682813 0.564063 0.065625 0.137500
7 0.225000 0.734375 0.093750 0.143750
11 0.362500 0.730469 0.075000 0.110937
5 0.473438 0.728906 0.050000 0.151562
13 0.619531 0.731250 0.064062 0.065625
8 0.713281 0.768750 0.067187 0.168750
13 0.599219 0.550781 0.073438 0.064062
