7 0.272656 0.150781 0.079687 0.120313
9 0.382031 0.146094 0.067187 0.095312
8 0.510156 0.153906 0.067187 0.129688
13 0.641406 0.157812 0.070312 0.056250
14 0.741406 0.160156 0.064062 0.098437
0 0.265625 0.307812 0.031250 0.128125
10 0.375781 0.310937 0.067187 0.025000
1 0.504687 0.320312 0.078125 0.100000
13 0.625781 0.314844 0.076563 0.064062
2 0.728906 0.312500 0.073438 0.128125
3 0.246875 0.528906 0.109375 0.145313
12 0.399219 0.518750 0.082812 0.128125
4 0.535156 0.502344 0.089063 0.148438
13 0.659375 0.499219 0.087500 0.070312
5 0.772656 0.500781 0.057813 0.154688
6 0.221875 0.766406 0.093750 0.179688
11 0.396875 0.735938 0.087500 0.121875
7 0.517969 0.737500 0.089063 0.137500
13 0.655469 0.722656 0.079687 0.070312
5 0.774219 0.707031 0.060937 0.179688
