5 0.264062 0.154688 0.071875 0.146875
9 0.378906 0.164062 0.067187 0.100000
5 0.485156 0.159375 0.060937 0.143750
13 0.620313 0.178125 0.075000 0.056250
6 0.732031 0.187500 0.073438 0.150000
7 0.253906 0.352344 0.095312 0.145313
10 0.385156 0.338281 0.060937 0.026562
8 0.489063 0.366406 0.065625 0.148438
13 0.630469 0.353125 0.067187 0.059375
14 0.739062 0.373437 0.059375 0.103125
0 0.249219 0.544531 0.026562 0.151562
12 0.410938 0.535937 0.078125 0.115625
1 0.553125 0.532813 0.093750 0.112500
13 0.649219 0.539844 0.073438 0.070312
3 0.760938 0.565625 0.084375 0.156250
2 0.237500 0.764844 0.068750 0.160938
11 0.407031 0.762500 0.079687 0.112500
4 0.547656 0.755469 0.085938 0.117188
13 0.664844 0.763281 0.060937 0.076563
5 0.767969 0.770312 0.054688 0.171875
