4 0.234375 0.168750 0.078125 0.106250
9 0.350000 0.152344 0.065625 0.092188
5 0.496094 0.150000 0.054688 0.137500
13 0.604688 0.147656 0.065625 0.057813
8 0.755469 0.172656 0.067187 0.164062
0 0.209375 0.344531 0.021875 0.142187
10 0.366406 0.324219 0.079687 0.020313
14 0.494531 0.326562 0.064062 0.115625
13 0.617969 0.325781 0.067187 0.070312
1 0.750781 0.335156 0.089063 0.098437
2 0.231250 0.526563 0.065625 0.134375
12 0.364063 0.509375 0.068750 0.100000
3 0.488281 0.514844 0.082812 0.139063
13 0.643750 0.521875 0.068750 0.068750
7 0.770312 0.531250 0.075000 0.146875
6 0.216406 0.773438 0.079687 0.146875
11 0.368750 0.733594 0.075000 0.142187
3 0.508594 0.744531 0.089063 0.157812
13 0.653125 0.773438 0.071875 0.078125
8 0.753906 0.807813 0.064062 0.228125
