0 0.069531 0.180469 0.023438 0.082812
3 0.114844 0.176563 0.057813 0.084375
10 0.191406 0.173437 0.048438 0.012500
3 0.275781 0.170313 0.064062 0.081250
13 0.351562 0.175781 0.050000 0.039062
0 0.407813 0.170313 0.015625 0.087500
14 0.448437 0.172656 0.040625 0.070312
2 0.574219 0.188281 0.048438 0.082812
9 0.634375 0.187500 0.050000 0.056250
7 0.692969 0.187500 0.051562 0.081250
13 0.757812 0.193750 0.053125 0.043750
0 0.817187 0.191406 0.025000 0.092188
0 0.853125 0.193750 0.028125 0.087500
0 0.076563 0.303906 0.018750 0.079687
0 0.092188 0.425000 0.015625 0.081250
0 0.217969 0.594531 0.020313 0.101562
0 0.566406 0.318750 0.017188 0.065625
0 0.827344 0.453125 0.017188 0.106250
0 0.555469 0.583594 0.017188 0.079687
0 0.868750 0.712500 0.018750 0.068750
14 0.114844 0.300000 0.042188 0.068750
14 0.137500 0.432031 0.034375 0.076563
14 0.589063 0.580469 0.040625 0.079687
14 0.757031 0.719531 0.045312 0.076563
14 0.408594 0.715625 0.048438 0.075000
14 0.960938 0.721875 0.037500 0.062500
10 0.166406 0.291406 0.042188 0.017188
10 0.193750 0.419531 0.040625 0.020313
7 0.232031 0.301563 0.054688 0.090625
1 0.377344 0.293750 0.060937 0.078125
13 0.306250 0.295312 0.050000 0.043750
9 0.635156 0.322656 0.045312 0.079687
1 0.717187 0.317188 0.056250 0.056250
13 0.786719 0.317188 0.048438 0.043750
13 0.326562 0.429688 0.050000 0.043750
13 0.287500 0.584375 0.053125 0.050000
13 0.302344 0.711719 0.051562 0.048438
13 0.780469 0.454688 0.060937 0.046875
13 0.789062 0.580469 0.053125 0.057813
13 0.821094 0.718750 0.048438 0.040625
2 0.838281 0.324219 0.048438 0.095312
2 0.385156 0.435937 0.054688 0.115625
2 0.569531 0.456250 0.054688 0.090625
2 0.710156 0.455469 0.054688 0.092188
2 0.100000 0.582812 0.050000 0.087500
2 0.358594 0.592187 0.045312 0.106250
11 0.638281 0.452344 0.057813 0.073438
11 0.163281 0.582031 0.054688 0.064062
11 0.651563 0.588281 0.050000 0.073438
4 0.084375 0.713281 0.059375 0.082812
12 0.164062 0.711719 0.050000 0.067187
5 0.221875 0.706250 0.053125 0.109375
4 0.577344 0.711719 0.064062 0.085938
4 0.848437 0.592187 0.043750 0.078125
12 0.653125 0.714844 0.053125 0.067187
2 0.710938 0.721094 0.037500 0.092188
4 0.909375 0.713281 0.040625 0.067187
1 0.717187 0.576562 0.053125 0.075000
6 0.256250 0.433594 0.043750 0.092188
