2 0.091406 0.132031 0.039062 0.070312
12 0.160938 0.124219 0.040625 0.054688
2 0.234375 0.125781 0.050000 0.076563
2 0.845313 0.126562 0.043750 0.096875
2 0.120313 0.240625 0.050000 0.081250
13 0.307031 0.125781 0.048438 0.039062
5 0.365625 0.118750 0.034375 0.084375
5 0.552344 0.112500 0.032813 0.087500
5 0.441406 0.375781 0.048438 0.098437
5 0.563281 0.388281 0.039062 0.095312
5 0.554688 0.509375 0.037500 0.103125
9 0.609375 0.119531 0.046875 0.067187
9 0.610938 0.241406 0.043750 0.064062
9 0.650781 0.661719 0.048438 0.076563
9 0.164844 0.823438 0.039062 0.062500
6 0.670312 0.123438 0.043750 0.078125
0 0.075781 0.239844 0.020313 0.073438
10 0.188281 0.233594 0.048438 0.014063
8 0.260937 0.242969 0.046875 0.098437
13 0.330469 0.227344 0.042188 0.032813
3 0.415625 0.218750 0.062500 0.078125
3 0.546875 0.246094 0.046875 0.092188
3 0.701562 0.392969 0.059375 0.085938
3 0.880469 0.399219 0.045312 0.092188
3 0.619531 0.510156 0.060937 0.085938
3 0.765625 0.522656 0.053125 0.098437
3 0.452344 0.663281 0.054688 0.092188
3 0.402344 0.822656 0.064062 0.104688
3 0.589063 0.816406 0.062500 0.085938
13 0.750781 0.116406 0.045312 0.045312
13 0.771875 0.246094 0.043750 0.048438
13 0.783594 0.385937 0.048438 0.031250
13 0.831250 0.524219 0.046875 0.051562
13 0.375781 0.378906 0.045312 0.042188
13 0.353125 0.497656 0.053125 0.042188
13 0.334375 0.661719 0.046875 0.045312
13 0.816406 0.649219 0.048438 0.039062
13 0.832031 0.816406 0.042188 0.042188
13 0.334375 0.823438 0.040625 0.043750
0 0.667969 0.242188 0.017188 0.078125
0 0.707812 0.242188 0.018750 0.078125
1 0.096875 0.390625 0.050000 0.068750
6 0.148438 0.394531 0.040625 0.073438
10 0.210156 0.385937 0.042188 0.018750
1 0.273438 0.374219 0.053125 0.064062
0 0.318750 0.380469 0.015625 0.092188
12 0.628906 0.390625 0.045312 0.062500
0 0.807031 0.249219 0.020313 0.082812
4 0.857031 0.253906 0.060937 0.082812
0 0.800000 0.118750 0.021875 0.087500
1 0.834375 0.394531 0.053125 0.079687
1 0.088281 0.500781 0.048438 0.060937
4 0.138281 0.498437 0.045312 0.071875
11 0.207031 0.495312 0.042188 0.065625
4 0.280469 0.497656 0.048438 0.089063
4 0.425781 0.499219 0.060937 0.082812
11 0.698438 0.504687 0.040625 0.068750
0 0.866406 0.517188 0.014063 0.084375
1 0.913281 0.522656 0.057813 0.085938
7 0.075781 0.666406 0.060937 0.098437
12 0.162500 0.660937 0.050000 0.068750
7 0.240625 0.653906 0.059375 0.104688
5 0.395313 0.650781 0.046875 0.101562
8 0.594531 0.662500 0.048438 0.121875
0 0.698438 0.660937 0.015625 0.087500
1 0.744531 0.663281 0.054688 0.079687
1 0.864844 0.653906 0.051562 0.079687
0 0.899219 0.667969 0.023438 0.104688
1 0.052344 0.829688 0.045312 0.075000
9 0.099219 0.822656 0.014063 0.092188
1 0.219531 0.822656 0.042188 0.060937
0 0.264062 0.814063 0.021875 0.084375
1 0.465625 0.825000 0.059375 0.078125
1 0.642188 0.816406 0.050000 0.060937
10 0.692187 0.807813 0.043750 0.018750
1 0.747656 0.801562 0.045312 0.056250
0 0.784375 0.810937 0.021875 0.090625
1 0.877344 0.815625 0.045312 0.078125
0 0.911719 0.837500 0.020313 0.109375
