14 0.162500 0.116406 0.037500 0.070312
14 0.284375 0.125000 0.043750 0.109375
14 0.408594 0.120313 0.035937 0.065625
14 0.549219 0.137500 0.051562 0.109375
14 0.694531 0.116406 0.042188 0.070312
14 0.843750 0.119531 0.059375 0.095312
14 0.166406 0.290625 0.060937 0.125000
14 0.294531 0.284375 0.051562 0.096875
14 0.422656 0.270313 0.042188 0.062500
14 0.552344 0.273438 0.057813 0.106250
14 0.704688 0.271094 0.053125 0.085938
14 0.850000 0.279687 0.075000 0.109375
14 0.169531 0.452344 0.039062 0.060937
14 0.301563 0.444531 0.053125 0.104688
14 0.431250 0.437500 0.043750 0.078125
14 0.564063 0.437500 0.059375 0.118750
14 0.710938 0.425781 0.040625 0.076563
14 0.857812 0.451562 0.059375 0.128125
14 0.170313 0.589844 0.050000 0.098437
14 0.295312 0.583594 0.050000 0.085938
14 0.432031 0.591406 0.057813 0.114062
14 0.568750 0.584375 0.043750 0.087500
14 0.714063 0.581250 0.056250 0.115625
14 0.857031 0.584375 0.042188 0.081250
14 0.154688 0.746875 0.046875 0.090625
14 0.300000 0.747656 0.046875 0.089063
14 0.428125 0.725000 0.046875 0.078125
14 0.576562 0.724219 0.053125 0.098437
14 0.725000 0.728906 0.056250 0.101562
14 0.858594 0.726562 0.057813 0.090625
14 0.152344 0.907031 0.060937 0.095312
14 0.292969 0.896094 0.048438 0.085938
14 0.438281 0.892969 0.051562 0.098437
14 0.584375 0.878125 0.056250 0.115625
14 0.728906 0.879687 0.039062 0.068750
14 0.860156 0.901563 0.054688 0.131250
