0 0.050781 0.155469 0.017188 0.064062
2 0.100781 0.159375 0.042188 0.081250
10 0.164844 0.159375 0.035937 0.015625
8 0.242969 0.172656 0.045312 0.104688
13 0.347656 0.164844 0.048438 0.048438
3 0.437500 0.168750 0.059375 0.100000
8 0.582812 0.167969 0.040625 0.101562
9 0.638281 0.167187 0.042188 0.059375
8 0.720313 0.169531 0.046875 0.095312
13 0.810156 0.165625 0.045312 0.043750
0 0.854688 0.164844 0.021875 0.082812
7 0.900000 0.170313 0.043750 0.081250
1 0.064062 0.355469 0.050000 0.057813
8 0.112500 0.358594 0.037500 0.095312
10 0.177344 0.355469 0.035937 0.020313
6 0.254688 0.360938 0.046875 0.071875
13 0.344531 0.353906 0.042188 0.048438
1 0.417969 0.345313 0.051562 0.059375
1 0.482031 0.340625 0.051562 0.059375
1 0.600781 0.340625 0.045312 0.059375
1 0.655469 0.346875 0.060937 0.068750
11 0.713281 0.345313 0.054688 0.068750
0 0.764062 0.344531 0.015625 0.060937
0 0.795312 0.347656 0.025000 0.089063
13 0.849219 0.347656 0.045312 0.042188
1 0.909375 0.347656 0.056250 0.089063
1 0.079687 0.562500 0.062500 0.062500
9 0.167969 0.528125 0.054688 0.053125
5 0.260937 0.532031 0.046875 0.101562
13 0.341406 0.532813 0.051562 0.046875
7 0.427344 0.530469 0.045312 0.089063
7 0.625781 0.537500 0.045312 0.090625
12 0.700000 0.539844 0.043750 0.054688
1 0.768750 0.539844 0.056250 0.070312
13 0.834375 0.528906 0.046875 0.039062
0 0.877344 0.528906 0.014063 0.073438
5 0.924219 0.523438 0.035937 0.078125
7 0.082812 0.685156 0.050000 0.089063
11 0.162500 0.682813 0.046875 0.062500
7 0.245312 0.691406 0.050000 0.082812
13 0.337500 0.696094 0.050000 0.042188
0 0.414062 0.690625 0.028125 0.096875
0 0.614844 0.674219 0.017188 0.057813
11 0.681250 0.674219 0.043750 0.064062
0 0.742188 0.677344 0.021875 0.089063
13 0.826562 0.671094 0.043750 0.039062
0 0.881250 0.678906 0.018750 0.107813
1 0.066406 0.878125 0.048438 0.062500
14 0.118750 0.876563 0.043750 0.065625
14 0.640625 0.862500 0.034375 0.075000
14 0.809375 0.871094 0.040625 0.073438
12 0.196094 0.857812 0.048438 0.056250
3 0.268750 0.871875 0.050000 0.103125
13 0.344531 0.874219 0.048438 0.042188
7 0.395313 0.880469 0.040625 0.085938
14 0.444531 0.888281 0.039062 0.064062
7 0.595313 0.865625 0.050000 0.084375
11 0.699219 0.864844 0.051562 0.079687
3 0.758594 0.871094 0.048438 0.085938
13 0.871094 0.875781 0.051562 0.039062
1 0.923438 0.877344 0.043750 0.076563
