5 0.072656 0.096094 0.048438 0.110937
9 0.140625 0.110156 0.056250 0.076563
7 0.217969 0.107031 0.064062 0.107813
13 0.313281 0.104688 0.060937 0.043750
0 0.374219 0.103906 0.026562 0.095312
3 0.432812 0.107813 0.065625 0.093750
0 0.582031 0.103125 0.023438 0.081250
3 0.636719 0.093750 0.060937 0.081250
10 0.710156 0.087500 0.042188 0.025000
6 0.757031 0.106250 0.045312 0.100000
13 0.821094 0.103906 0.048438 0.045312
6 0.876563 0.113281 0.050000 0.126562
6 0.068750 0.312500 0.062500 0.093750
9 0.146875 0.297656 0.053125 0.076563
4 0.243750 0.296094 0.065625 0.092188
13 0.322656 0.292187 0.057813 0.043750
0 0.383594 0.296875 0.020313 0.081250
1 0.444531 0.298438 0.060937 0.078125
0 0.574219 0.287500 0.023438 0.075000
1 0.632031 0.292969 0.057813 0.073438
9 0.686719 0.282031 0.045312 0.070312
5 0.757812 0.281250 0.037500 0.103125
13 0.825781 0.278906 0.054688 0.039062
0 0.873437 0.286719 0.015625 0.089063
7 0.924219 0.289844 0.051562 0.085938
6 0.091406 0.485156 0.042188 0.079687
9 0.157031 0.480469 0.051562 0.070312
2 0.235156 0.481250 0.057813 0.093750
13 0.338281 0.473438 0.064062 0.056250
0 0.432031 0.470313 0.020313 0.081250
14 0.480469 0.469531 0.045312 0.070312
5 0.625000 0.457813 0.031250 0.103125
10 0.675000 0.464062 0.040625 0.018750
4 0.731250 0.464062 0.062500 0.078125
13 0.820312 0.460156 0.053125 0.045312
0 0.878906 0.467187 0.020313 0.121875
0 0.066406 0.630469 0.023438 0.095312
9 0.155469 0.627344 0.057813 0.082812
5 0.242969 0.614844 0.039062 0.098437
13 0.344531 0.620313 0.051562 0.053125
6 0.435156 0.620313 0.064062 0.109375
0 0.594531 0.615625 0.017188 0.081250
14 0.632031 0.610938 0.045312 0.068750
10 0.685156 0.604688 0.048438 0.018750
5 0.739062 0.600781 0.046875 0.101562
13 0.828906 0.605469 0.048438 0.048438
3 0.892969 0.632031 0.054688 0.117188
4 0.093750 0.839844 0.075000 0.101562
9 0.174219 0.837500 0.057813 0.087500
5 0.245312 0.824219 0.046875 0.114062
13 0.345313 0.814844 0.050000 0.045312
2 0.432031 0.813281 0.048438 0.114062
14 0.485938 0.806250 0.053125 0.071875
2 0.607031 0.810156 0.042188 0.082812
14 0.655469 0.809375 0.048438 0.065625
10 0.720313 0.804688 0.040625 0.018750
1 0.769531 0.800000 0.051562 0.075000
6 0.810156 0.828906 0.042188 0.123438
13 0.867969 0.813281 0.039062 0.045312
2 0.927344 0.817187 0.054688 0.115625
