4 0.095312 0.078906 0.050000 0.076563
10 0.160938 0.078125 0.043750 0.018750
2 0.228125 0.084375 0.053125 0.081250
13 0.325000 0.092969 0.059375 0.042188
1 0.403125 0.085938 0.065625 0.078125
1 0.568750 0.082812 0.059375 0.068750
12 0.642188 0.078125 0.050000 0.068750
5 0.732031 0.073438 0.048438 0.100000
13 0.811719 0.075781 0.045312 0.045312
0 0.878906 0.073438 0.017188 0.081250
1 0.930469 0.075000 0.048438 0.078125
5 0.086719 0.228906 0.051562 0.095312
10 0.157812 0.235937 0.056250 0.015625
3 0.244531 0.225781 0.060937 0.107813
13 0.347656 0.241406 0.064062 0.051562
1 0.432812 0.234375 0.068750 0.075000
1 0.596875 0.244531 0.084375 0.073438
10 0.657813 0.232813 0.043750 0.015625
1 0.722656 0.232031 0.070312 0.076563
13 0.810937 0.234375 0.068750 0.050000
14 0.898438 0.230469 0.059375 0.082812
14 0.093750 0.394531 0.050000 0.095312
10 0.161719 0.388281 0.045312 0.014063
14 0.232813 0.395313 0.046875 0.075000
13 0.344531 0.392969 0.064062 0.045312
14 0.432812 0.398438 0.050000 0.084375
8 0.591406 0.381250 0.051562 0.103125
9 0.658594 0.387500 0.048438 0.068750
14 0.738281 0.389844 0.045312 0.070312
13 0.823438 0.378125 0.056250 0.040625
8 0.889062 0.415625 0.053125 0.137500
8 0.085156 0.567969 0.042188 0.120313
12 0.175000 0.555469 0.043750 0.073438
3 0.242969 0.556250 0.057813 0.096875
13 0.348438 0.546094 0.056250 0.045312
2 0.421875 0.551562 0.050000 0.093750
1 0.488281 0.550000 0.057813 0.068750
2 0.618750 0.560937 0.059375 0.096875
9 0.682031 0.550000 0.035937 0.050000
5 0.744531 0.544531 0.042188 0.095312
13 0.819531 0.551562 0.051562 0.046875
8 0.883594 0.584375 0.045312 0.131250
8 0.074219 0.732812 0.051562 0.121875
12 0.174219 0.714063 0.048438 0.056250
6 0.241406 0.737500 0.048438 0.109375
13 0.350000 0.721094 0.059375 0.048438
5 0.431250 0.701562 0.037500 0.100000
2 0.495312 0.715625 0.050000 0.087500
5 0.647656 0.698438 0.045312 0.106250
10 0.704688 0.700781 0.043750 0.017188
3 0.771094 0.703125 0.060937 0.121875
13 0.839844 0.715625 0.051562 0.037500
1 0.907031 0.718750 0.070312 0.084375
1 0.075781 0.912500 0.079687 0.071875
9 0.146094 0.895312 0.048438 0.059375
6 0.224219 0.903125 0.057813 0.093750
13 0.345313 0.892188 0.056250 0.053125
8 0.432031 0.897656 0.051562 0.114062
0 0.621094 0.868750 0.020313 0.090625
9 0.681250 0.870313 0.043750 0.071875
8 0.750000 0.879687 0.053125 0.118750
13 0.833594 0.871875 0.045312 0.037500
0 0.882812 0.878906 0.015625 0.095312
14 0.924219 0.882031 0.042188 0.070312
