8 0.078906 0.075000 0.032813 0.075000
8 0.176563 0.064062 0.037500 0.062500
8 0.362500 0.260937 0.034375 0.093750
8 0.076563 0.387500 0.034375 0.090625
0 0.304688 0.070312 0.012500 0.053125
9 0.125000 0.073438 0.037500 0.050000
13 0.238281 0.070312 0.035937 0.040625
7 0.346875 0.069531 0.037500 0.073438
1 0.561719 0.057813 0.045312 0.050000
12 0.620313 0.060937 0.037500 0.046875
0 0.678906 0.056250 0.017188 0.059375
1 0.723437 0.053906 0.046875 0.054688
13 0.792188 0.047656 0.031250 0.029687
1 0.839063 0.055469 0.046875 0.051562
3 0.878906 0.064062 0.035937 0.068750
0 0.065625 0.167187 0.015625 0.071875
7 0.099219 0.172656 0.048438 0.067187
11 0.156250 0.162500 0.037500 0.046875
2 0.211719 0.163281 0.032813 0.085938
13 0.291406 0.167187 0.051562 0.037500
5 0.364063 0.162500 0.031250 0.087500
1 0.548438 0.160156 0.043750 0.051562
3 0.591406 0.160156 0.039062 0.067187
11 0.650000 0.158594 0.034375 0.042188
5 0.708594 0.150000 0.032813 0.084375
13 0.778125 0.146094 0.034375 0.026562
3 0.848437 0.158594 0.053125 0.089063
5 0.072656 0.259375 0.035937 0.090625
9 0.160938 0.256250 0.043750 0.056250
2 0.221875 0.257812 0.040625 0.081250
8 0.307812 0.261719 0.053125 0.039062
3 0.564844 0.261719 0.048438 0.079687
12 0.656250 0.247656 0.040625 0.051562
5 0.714063 0.242188 0.034375 0.081250
13 0.789844 0.251563 0.042188 0.034375
1 0.851562 0.249219 0.046875 0.060937
3 0.899219 0.250000 0.048438 0.075000
10 0.151562 0.371875 0.043750 0.015625
7 0.222656 0.375781 0.048438 0.073438
13 0.316406 0.380469 0.039062 0.048438
0 0.367188 0.380469 0.021875 0.085938
1 0.537500 0.357031 0.050000 0.054688
3 0.582812 0.346875 0.040625 0.071875
10 0.650781 0.346875 0.045312 0.015625
5 0.713281 0.339844 0.035937 0.089063
13 0.792969 0.348438 0.042188 0.037500
0 0.842969 0.349219 0.014063 0.064062
7 0.882031 0.347656 0.045312 0.067187
6 0.066406 0.504687 0.035937 0.084375
10 0.147656 0.494531 0.039062 0.014063
0 0.215625 0.503906 0.015625 0.092188
13 0.317188 0.485938 0.043750 0.037500
5 0.375781 0.490625 0.029687 0.084375
0 0.532813 0.444531 0.012500 0.064062
7 0.581250 0.457031 0.050000 0.082812
9 0.664062 0.457813 0.043750 0.056250
5 0.717969 0.453906 0.035937 0.095312
13 0.801562 0.457031 0.043750 0.035937
1 0.862500 0.458594 0.040625 0.057813
3 0.903906 0.462500 0.042188 0.078125
5 0.060937 0.623437 0.040625 0.090625
11 0.139063 0.624219 0.046875 0.054688
2 0.212500 0.625781 0.043750 0.079687
13 0.312500 0.622656 0.046875 0.039062
1 0.376563 0.630469 0.071875 0.076563
1 0.528906 0.610938 0.054688 0.056250
3 0.580469 0.607031 0.045312 0.076563
9 0.660156 0.605469 0.042188 0.060937
1 0.722656 0.598437 0.042188 0.065625
3 0.769531 0.603125 0.048438 0.078125
13 0.846094 0.608594 0.045312 0.035937
3 0.910937 0.609375 0.043750 0.078125
7 0.951562 0.617969 0.037500 0.073438
