14 0.050000 0.142969 0.050000 0.073438
9 0.119531 0.137500 0.042188 0.068750
5 0.196875 0.135937 0.040625 0.093750
13 0.286719 0.134375 0.042188 0.040625
5 0.366406 0.144531 0.048438 0.095312
5 0.546094 0.145313 0.045312 0.096875
9 0.608594 0.146875 0.054688 0.068750
7 0.685156 0.149219 0.057813 0.092188
13 0.770312 0.147656 0.056250 0.039062
0 0.824219 0.141406 0.020313 0.079687
3 0.884375 0.150000 0.053125 0.109375
6 0.052344 0.342969 0.048438 0.089063
10 0.128906 0.324219 0.051562 0.017188
3 0.204687 0.321094 0.059375 0.095312
13 0.300781 0.317188 0.054688 0.050000
2 0.380469 0.317188 0.064062 0.093750
2 0.552344 0.315625 0.051562 0.096875
12 0.621875 0.315625 0.059375 0.075000
3 0.686719 0.317969 0.057813 0.095312
13 0.779687 0.307812 0.056250 0.037500
0 0.832031 0.317969 0.020313 0.082812
1 0.892969 0.314844 0.057813 0.076563
0 0.023438 0.484375 0.018750 0.078125
1 0.086719 0.485156 0.057813 0.067187
11 0.152344 0.480469 0.048438 0.070312
5 0.225781 0.465625 0.042188 0.093750
13 0.311719 0.476562 0.060937 0.043750
1 0.386719 0.471875 0.064062 0.068750
1 0.564844 0.467969 0.070312 0.076563
1 0.710938 0.457031 0.065625 0.076563
12 0.637500 0.462500 0.043750 0.065625
13 0.784375 0.469531 0.062500 0.045312
3 0.873437 0.467187 0.059375 0.140625
3 0.050000 0.620313 0.065625 0.112500
12 0.146875 0.605469 0.046875 0.060937
1 0.243750 0.611719 0.062500 0.073438
13 0.327344 0.608594 0.048438 0.045312
7 0.406250 0.600000 0.056250 0.087500
8 0.579688 0.617969 0.059375 0.114062
12 0.672656 0.605469 0.048438 0.073438
6 0.765625 0.616406 0.050000 0.092188
13 0.837500 0.607031 0.050000 0.048438
5 0.909375 0.600000 0.037500 0.109375
2 0.965625 0.621094 0.059375 0.107813
7 0.053125 0.778125 0.043750 0.106250
12 0.120313 0.768750 0.053125 0.053125
1 0.213281 0.767188 0.060937 0.071875
13 0.308594 0.753906 0.067187 0.051562
0 0.364844 0.747656 0.023438 0.107813
5 0.420312 0.738281 0.040625 0.104688
7 0.586719 0.771875 0.057813 0.093750
9 0.650781 0.766406 0.048438 0.070312
6 0.741406 0.772656 0.064062 0.089063
13 0.847656 0.760156 0.060937 0.045312
0 0.899219 0.765625 0.023438 0.087500
4 0.957812 0.757812 0.068750 0.100000
