2 0.057813 0.109375 0.053125 0.096875
9 0.130469 0.107813 0.042188 0.071875
4 0.221094 0.107813 0.054688 0.090625
13 0.311719 0.121094 0.054688 0.042188
7 0.382812 0.126562 0.043750 0.081250
8 0.578125 0.132031 0.050000 0.098437
9 0.647656 0.133594 0.042188 0.073438
4 0.757031 0.134375 0.067187 0.087500
13 0.851562 0.125781 0.046875 0.051562
0 0.903906 0.120313 0.020313 0.084375
3 0.955469 0.140625 0.048438 0.115625
0 0.039844 0.284375 0.023438 0.093750
3 0.098437 0.285938 0.065625 0.096875
9 0.171094 0.282813 0.054688 0.071875
5 0.253125 0.275000 0.043750 0.106250
13 0.328125 0.279687 0.046875 0.043750
1 0.403906 0.277344 0.054688 0.060937
14 0.458594 0.284375 0.042188 0.071875
1 0.588281 0.286719 0.060937 0.067187
14 0.643750 0.285938 0.050000 0.059375
9 0.699219 0.289062 0.048438 0.062500
6 0.766406 0.303906 0.057813 0.101562
13 0.838281 0.299219 0.048438 0.042188
1 0.911719 0.294531 0.060937 0.073438
6 0.970313 0.310937 0.043750 0.103125
6 0.055469 0.452344 0.060937 0.098437
10 0.137500 0.433594 0.040625 0.017188
3 0.238281 0.439063 0.067187 0.093750
13 0.340625 0.433594 0.053125 0.042188
2 0.412500 0.439063 0.068750 0.103125
2 0.613281 0.444531 0.057813 0.101562
2 0.757031 0.449219 0.051562 0.104688
11 0.678906 0.432031 0.060937 0.070312
13 0.848437 0.456250 0.059375 0.046875
0 0.904687 0.454688 0.021875 0.093750
0 0.046094 0.595313 0.020313 0.087500
12 0.141406 0.585156 0.051562 0.067187
6 0.221094 0.599219 0.042188 0.110937
13 0.333594 0.588281 0.060937 0.051562
6 0.414062 0.588281 0.059375 0.107813
6 0.612500 0.607031 0.053125 0.107813
10 0.680469 0.592969 0.057813 0.023438
0 0.737500 0.600000 0.015625 0.106250
13 0.835938 0.600781 0.056250 0.057813
5 0.909375 0.593750 0.043750 0.121875
5 0.030469 0.756250 0.048438 0.093750
10 0.121875 0.744531 0.050000 0.014063
1 0.214844 0.763281 0.076563 0.076563
13 0.321094 0.744531 0.067187 0.039062
3 0.404687 0.753906 0.071875 0.126562
3 0.628906 0.794531 0.076563 0.142187
10 0.709375 0.785937 0.056250 0.018750
1 0.768750 0.791406 0.068750 0.104688
13 0.839844 0.793750 0.070312 0.062500
1 0.925000 0.799219 0.087500 0.101562
