14 0.057813 0.140625 0.043750 0.059375
9 0.125000 0.136719 0.040625 0.054688
5 0.206250 0.135156 0.040625 0.070312
13 0.305469 0.137500 0.054688 0.037500
5 0.393750 0.134375 0.040625 0.087500
5 0.567969 0.133594 0.042188 0.082812
9 0.619531 0.127344 0.039062 0.057813
3 0.671875 0.139063 0.040625 0.087500
13 0.739062 0.140625 0.046875 0.037500
0 0.778906 0.139844 0.020313 0.073438
14 0.813281 0.149219 0.029687 0.057813
6 0.063281 0.288281 0.039062 0.076563
10 0.125000 0.280469 0.046875 0.014063
5 0.209375 0.273438 0.053125 0.093750
13 0.299219 0.283594 0.048438 0.048438
0 0.392969 0.282813 0.017188 0.096875
0 0.535937 0.292969 0.018750 0.085938
9 0.614844 0.285938 0.045312 0.062500
6 0.703906 0.295312 0.051562 0.084375
13 0.793750 0.296875 0.062500 0.046875
7 0.867188 0.298438 0.043750 0.087500
7 0.074219 0.417969 0.064062 0.092188
12 0.149219 0.416406 0.048438 0.060937
5 0.211719 0.409375 0.045312 0.093750
13 0.298438 0.418750 0.056250 0.037500
3 0.383594 0.410938 0.057813 0.081250
7 0.442969 0.419531 0.048438 0.070312
3 0.558594 0.425781 0.045312 0.089063
7 0.612500 0.428906 0.056250 0.082812
9 0.668750 0.427344 0.040625 0.057813
0 0.751563 0.422656 0.015625 0.092188
13 0.807031 0.427344 0.045312 0.039062
3 0.885156 0.416406 0.051562 0.082812
8 0.934375 0.444531 0.034375 0.107813
3 0.070312 0.562500 0.056250 0.125000
12 0.164062 0.560937 0.053125 0.075000
4 0.225000 0.554688 0.065625 0.087500
13 0.325000 0.552344 0.050000 0.035937
1 0.395313 0.560937 0.059375 0.059375
14 0.445312 0.551562 0.046875 0.062500
1 0.596875 0.554688 0.050000 0.068750
14 0.650000 0.561719 0.046875 0.060937
10 0.704688 0.556250 0.040625 0.015625
4 0.753906 0.551562 0.051562 0.065625
13 0.820312 0.551562 0.050000 0.034375
0 0.879687 0.560937 0.015625 0.100000
4 0.920312 0.567187 0.046875 0.071875
4 0.070312 0.728906 0.059375 0.101562
9 0.142187 0.727344 0.046875 0.073438
5 0.213281 0.725000 0.039062 0.103125
13 0.316406 0.717969 0.064062 0.042188
0 0.391406 0.710938 0.023438 0.084375
0 0.435156 0.713281 0.020313 0.089063
0 0.603125 0.722656 0.015625 0.082812
11 0.667188 0.729688 0.050000 0.075000
0 0.727344 0.725000 0.023438 0.090625
13 0.813281 0.720313 0.048438 0.043750
0 0.867188 0.728906 0.021875 0.101562
4 0.060156 0.899219 0.042188 0.082812
11 0.128906 0.896094 0.045312 0.064062
0 0.184375 0.899219 0.015625 0.073438
13 0.279687 0.900000 0.050000 0.037500
4 0.359375 0.903125 0.053125 0.084375
5 0.601562 0.878125 0.043750 0.096875
12 0.675000 0.888281 0.056250 0.064062
0 0.726562 0.883594 0.018750 0.098437
13 0.819531 0.876563 0.051562 0.040625
5 0.869531 0.878906 0.035937 0.114062
