5 0.053906 0.107031 0.042188 0.085938
9 0.123438 0.107813 0.050000 0.062500
1 0.224219 0.106250 0.057813 0.065625
13 0.300781 0.107031 0.054688 0.045312
7 0.392188 0.110937 0.059375 0.084375
7 0.546875 0.118750 0.043750 0.084375
9 0.600781 0.120313 0.039062 0.071875
1 0.672656 0.119531 0.054688 0.064062
13 0.744531 0.127344 0.051562 0.035937
0 0.803125 0.133594 0.018750 0.067187
14 0.842187 0.135937 0.031250 0.062500
0 0.041406 0.251563 0.014063 0.081250
14 0.079687 0.250781 0.043750 0.070312
11 0.144531 0.247656 0.039062 0.057813
4 0.228125 0.253906 0.056250 0.082812
13 0.330469 0.252344 0.054688 0.042188
1 0.404687 0.251563 0.062500 0.078125
1 0.561719 0.263281 0.057813 0.064062
9 0.627344 0.259375 0.048438 0.065625
8 0.693750 0.271875 0.050000 0.096875
13 0.786719 0.275000 0.051562 0.043750
0 0.834375 0.276562 0.018750 0.078125
0 0.872656 0.280469 0.017188 0.092188
0 0.039062 0.413281 0.018750 0.082812
1 0.096094 0.417969 0.064062 0.060937
9 0.173437 0.421875 0.050000 0.062500
0 0.254688 0.414844 0.021875 0.073438
0 0.298438 0.418750 0.018750 0.081250
13 0.364844 0.410938 0.051562 0.034375
1 0.403125 0.410156 0.031250 0.070312
2 0.441406 0.412500 0.039062 0.075000
4 0.569531 0.414062 0.045312 0.068750
9 0.630469 0.417187 0.042188 0.065625
0 0.685937 0.407031 0.018750 0.076563
13 0.781250 0.407031 0.053125 0.042188
5 0.846875 0.407031 0.050000 0.101562
5 0.069531 0.549219 0.048438 0.104688
10 0.164844 0.558594 0.042188 0.017188
4 0.271875 0.562500 0.062500 0.084375
13 0.371875 0.561719 0.053125 0.042188
0 0.427344 0.557813 0.023438 0.103125
0 0.585938 0.567187 0.021875 0.096875
9 0.639844 0.560937 0.048438 0.068750
0 0.713281 0.554688 0.026562 0.090625
13 0.791406 0.561719 0.051562 0.048438
1 0.862500 0.555469 0.053125 0.079687
1 0.086719 0.715625 0.057813 0.071875
1 0.263281 0.725781 0.067187 0.076563
12 0.164062 0.720313 0.050000 0.065625
13 0.354687 0.720313 0.046875 0.050000
3 0.421875 0.722656 0.062500 0.101562
3 0.606250 0.726562 0.065625 0.093750
12 0.682031 0.725000 0.042188 0.075000
4 0.750781 0.726562 0.057813 0.078125
13 0.821875 0.724219 0.059375 0.032813
1 0.871094 0.727344 0.045312 0.067187
14 0.920312 0.736719 0.040625 0.057813
5 0.078125 0.875781 0.040625 0.114062
9 0.155469 0.877344 0.035937 0.073438
6 0.235156 0.886719 0.048438 0.092188
13 0.332031 0.885156 0.051562 0.045312
0 0.383594 0.886719 0.026562 0.085938
2 0.429688 0.886719 0.050000 0.079687
0 0.565625 0.889844 0.018750 0.085938
12 0.671875 0.881250 0.053125 0.056250
0 0.741406 0.877344 0.017188 0.079687
13 0.821875 0.891406 0.053125 0.045312
0 0.891406 0.906250 0.020313 0.115625
