4 0.046094 0.049219 0.057813 0.095312
4 0.203125 0.059375 0.050000 0.081250
4 0.049219 0.367969 0.064062 0.101562
9 0.125000 0.053125 0.056250 0.065625
13 0.286719 0.058594 0.054688 0.042188
13 0.852344 0.068750 0.067187 0.050000
13 0.842969 0.228125 0.057813 0.037500
13 0.823438 0.382812 0.056250 0.040625
13 0.839063 0.554688 0.056250 0.040625
13 0.313281 0.208594 0.051562 0.045312
0 0.342969 0.056250 0.029687 0.090625
0 0.547656 0.050781 0.017188 0.070312
0 0.032813 0.220312 0.015625 0.106250
0 0.924219 0.237500 0.026562 0.115625
0 0.894531 0.393750 0.020313 0.103125
0 0.901563 0.567187 0.028125 0.143750
0 0.046094 0.502344 0.017188 0.101562
0 0.047656 0.715625 0.020313 0.121875
14 0.602344 0.054688 0.054688 0.087500
10 0.670312 0.049219 0.053125 0.026562
6 0.760938 0.070312 0.059375 0.112500
12 0.121094 0.207813 0.067187 0.090625
3 0.221094 0.220312 0.070312 0.106250
3 0.392188 0.225000 0.068750 0.115625
3 0.577344 0.232813 0.079687 0.112500
9 0.673438 0.222656 0.046875 0.073438
5 0.754687 0.230469 0.056250 0.120313
9 0.122656 0.361719 0.051562 0.079687
1 0.210938 0.372656 0.075000 0.085938
13 0.309375 0.364844 0.059375 0.051562
6 0.374219 0.382812 0.051562 0.115625
6 0.565625 0.392188 0.056250 0.087500
9 0.651563 0.378906 0.050000 0.073438
8 0.717187 0.396875 0.056250 0.115625
14 0.975000 0.241406 0.043750 0.101562
5 0.949219 0.396875 0.051562 0.115625
5 0.083594 0.489063 0.039062 0.103125
11 0.158594 0.510156 0.051562 0.085938
3 0.233594 0.516406 0.070312 0.104688
13 0.325000 0.514062 0.059375 0.046875
3 0.400000 0.535156 0.075000 0.120313
3 0.578125 0.560937 0.075000 0.125000
11 0.665625 0.553125 0.053125 0.071875
3 0.742188 0.571875 0.071875 0.137500
9 0.142969 0.698438 0.054688 0.087500
5 0.219531 0.685937 0.054688 0.125000
13 0.311719 0.700781 0.054688 0.045312
6 0.407813 0.706250 0.056250 0.109375
6 0.565625 0.721094 0.056250 0.092188
9 0.642969 0.717187 0.051562 0.087500
1 0.737500 0.722656 0.078125 0.082812
13 0.817187 0.714063 0.071875 0.053125
8 0.889844 0.735938 0.048438 0.146875
14 0.393750 0.050781 0.053125 0.089063
2 0.923438 0.074219 0.068750 0.114062
8 0.097656 0.882812 0.054688 0.143750
11 0.173437 0.885938 0.065625 0.081250
2 0.239063 0.897656 0.068750 0.120313
13 0.322656 0.895312 0.064062 0.053125
2 0.403906 0.897656 0.060937 0.110937
2 0.566406 0.900781 0.073438 0.107813
9 0.633594 0.898438 0.060937 0.078125
2 0.701562 0.910937 0.062500 0.118750
13 0.778906 0.899219 0.064062 0.054688
5 0.864844 0.904687 0.057813 0.128125
