1 0.055469 0.138281 0.051562 0.076563
9 0.125781 0.138281 0.045312 0.067187
5 0.208594 0.130469 0.039062 0.101562
13 0.284375 0.142187 0.046875 0.043750
7 0.354687 0.139844 0.050000 0.085938
7 0.529687 0.149219 0.053125 0.079687
9 0.592187 0.155469 0.040625 0.070312
0 0.671094 0.152344 0.020313 0.079687
13 0.747656 0.150000 0.051562 0.034375
8 0.814844 0.180469 0.045312 0.126562
5 0.061719 0.291406 0.042188 0.114062
9 0.142969 0.304688 0.048438 0.068750
3 0.230469 0.302344 0.051562 0.092188
13 0.321094 0.296875 0.054688 0.043750
0 0.375000 0.303906 0.015625 0.095312
14 0.421094 0.303906 0.039062 0.070312
0 0.525781 0.300781 0.020313 0.082812
9 0.604688 0.301563 0.046875 0.065625
3 0.689844 0.313281 0.054688 0.101562
13 0.784375 0.314844 0.059375 0.048438
4 0.850781 0.331250 0.067187 0.081250
5 0.052344 0.449219 0.045312 0.104688
12 0.147656 0.463281 0.057813 0.067187
1 0.241406 0.451562 0.060937 0.071875
13 0.325781 0.452344 0.051562 0.045312
0 0.372656 0.457031 0.020313 0.076563
1 0.427344 0.453125 0.048438 0.071875
5 0.542188 0.460938 0.040625 0.093750
12 0.622656 0.465625 0.057813 0.068750
3 0.713281 0.466406 0.060937 0.095312
13 0.796094 0.475000 0.054688 0.046875
1 0.867188 0.482812 0.062500 0.081250
3 0.923438 0.496875 0.050000 0.112500
4 0.053125 0.612500 0.062500 0.087500
12 0.147656 0.616406 0.057813 0.064062
0 0.225781 0.617188 0.017188 0.096875
13 0.320312 0.620313 0.056250 0.043750
4 0.392188 0.624219 0.059375 0.076563
5 0.561719 0.624219 0.045312 0.095312
12 0.627344 0.634375 0.042188 0.059375
0 0.677344 0.632812 0.023438 0.090625
13 0.754687 0.638281 0.059375 0.048438
5 0.835156 0.632812 0.042188 0.106250
6 0.048438 0.809375 0.062500 0.100000
9 0.130469 0.800000 0.054688 0.081250
1 0.204687 0.795312 0.065625 0.078125
13 0.310156 0.794531 0.057813 0.054688
8 0.382812 0.820312 0.056250 0.125000
8 0.563281 0.814063 0.051562 0.115625
10 0.614844 0.821875 0.042188 0.015625
5 0.679688 0.812500 0.034375 0.115625
13 0.769531 0.817969 0.051562 0.039062
2 0.828906 0.827344 0.067187 0.101562
