14 0.125781 0.084375 0.064062 0.096875
14 0.229687 0.077344 0.059375 0.073438
14 0.357031 0.090625 0.067187 0.121875
14 0.517188 0.086719 0.065625 0.079687
14 0.685156 0.072656 0.064062 0.120313
14 0.846875 0.089844 0.071875 0.120313
14 0.130469 0.250000 0.064062 0.112500
14 0.237500 0.249219 0.046875 0.079687
14 0.371094 0.264844 0.064062 0.123438
14 0.518750 0.254688 0.046875 0.075000
14 0.682031 0.260937 0.060937 0.115625
14 0.835938 0.278125 0.062500 0.109375
14 0.130469 0.399219 0.042188 0.073438
14 0.239063 0.410156 0.056250 0.101562
14 0.367188 0.414062 0.053125 0.075000
14 0.520312 0.414062 0.068750 0.115625
14 0.675781 0.428906 0.057813 0.101562
14 0.827344 0.433594 0.070312 0.132812
14 0.123438 0.573438 0.050000 0.106250
14 0.250781 0.570312 0.039062 0.090625
14 0.377344 0.569531 0.045312 0.107813
14 0.507031 0.576562 0.067187 0.096875
14 0.661719 0.588281 0.076563 0.101562
14 0.807031 0.585938 0.042188 0.062500
14 0.128906 0.721094 0.057813 0.120313
14 0.252344 0.707812 0.045312 0.090625
14 0.380469 0.724219 0.054688 0.104688
14 0.507812 0.728125 0.056250 0.096875
14 0.660937 0.743750 0.056250 0.115625
14 0.812500 0.730469 0.059375 0.082812
14 0.839063 0.908594 0.075000 0.117188
14 0.662500 0.902344 0.050000 0.104688
14 0.535156 0.904687 0.073438 0.109375
14 0.387500 0.887500 0.046875 0.096875
14 0.263281 0.889844 0.060937 0.098437
14 0.125781 0.887500 0.045312 0.096875
