5 0.039062 0.080469 0.043750 0.110937
9 0.108594 0.080469 0.045312 0.082812
1 0.206250 0.073438 0.062500 0.087500
13 0.287500 0.084375 0.062500 0.050000
7 0.380469 0.082031 0.057813 0.101562
7 0.589063 0.093750 0.062500 0.112500
9 0.692969 0.095312 0.060937 0.093750
0 0.789062 0.097656 0.025000 0.101562
13 0.853906 0.096875 0.060937 0.050000
8 0.947656 0.120313 0.057813 0.165625
8 0.054688 0.274219 0.050000 0.123438
11 0.121875 0.266406 0.056250 0.082812
2 0.196094 0.274219 0.054688 0.110937
13 0.277344 0.277344 0.054688 0.054688
2 0.357812 0.278906 0.062500 0.107813
2 0.589063 0.292187 0.056250 0.115625
11 0.680469 0.294531 0.064062 0.076563
0 0.762500 0.303906 0.021875 0.135937
13 0.853125 0.298438 0.059375 0.043750
2 0.938281 0.298438 0.057813 0.128125
0 0.049219 0.453125 0.017188 0.090625
12 0.143750 0.445312 0.046875 0.075000
6 0.203125 0.461719 0.043750 0.114062
13 0.282813 0.463281 0.050000 0.051562
6 0.356250 0.462500 0.056250 0.093750
5 0.582031 0.463281 0.048438 0.114062
12 0.678125 0.460156 0.068750 0.070312
1 0.761719 0.466406 0.067187 0.082812
13 0.846875 0.463281 0.068750 0.057813
2 0.923438 0.470313 0.059375 0.115625
4 0.071875 0.621875 0.056250 0.100000
12 0.156250 0.621875 0.053125 0.071875
1 0.228906 0.616406 0.060937 0.085938
13 0.307031 0.618750 0.057813 0.046875
0 0.376563 0.621875 0.021875 0.106250
14 0.435156 0.621094 0.045312 0.085938
0 0.560156 0.635156 0.023438 0.085938
14 0.610938 0.627344 0.046875 0.089063
11 0.696094 0.634375 0.054688 0.084375
4 0.777344 0.647656 0.060937 0.092188
13 0.857031 0.643750 0.060937 0.046875
1 0.942969 0.635156 0.089063 0.089063
1 0.058594 0.799219 0.073438 0.082812
12 0.150000 0.778906 0.065625 0.070312
1 0.250000 0.767188 0.081250 0.100000
13 0.330469 0.767969 0.060937 0.045312
3 0.413281 0.774219 0.060937 0.117188
3 0.590625 0.777344 0.068750 0.107813
9 0.677344 0.790625 0.054688 0.078125
4 0.757031 0.786719 0.057813 0.082812
13 0.846875 0.793750 0.046875 0.040625
8 0.914062 0.824219 0.053125 0.135937
