8 0.060156 0.148438 0.048438 0.096875
6 0.200781 0.146094 0.048438 0.092188
10 0.139844 0.137500 0.042188 0.018750
13 0.303906 0.147656 0.057813 0.048438
1 0.392969 0.142969 0.064062 0.073438
1 0.592187 0.139844 0.059375 0.067187
9 0.656250 0.141406 0.059375 0.070312
4 0.735938 0.157031 0.065625 0.082812
13 0.814844 0.151562 0.057813 0.031250
6 0.897656 0.153125 0.057813 0.115625
6 0.073438 0.315625 0.046875 0.100000
9 0.141406 0.305469 0.051562 0.064062
1 0.226562 0.303906 0.053125 0.070312
13 0.313281 0.304688 0.051562 0.050000
8 0.388281 0.315625 0.054688 0.118750
8 0.593750 0.308594 0.062500 0.114062
10 0.664062 0.294531 0.050000 0.020313
4 0.726562 0.297656 0.056250 0.092188
13 0.820312 0.293750 0.053125 0.037500
3 0.896875 0.306250 0.056250 0.118750
3 0.078125 0.461719 0.065625 0.104688
11 0.157031 0.457813 0.045312 0.065625
1 0.237500 0.454688 0.062500 0.078125
13 0.312500 0.454688 0.050000 0.043750
1 0.409375 0.453125 0.071875 0.087500
1 0.604688 0.449219 0.075000 0.073438
11 0.678125 0.435937 0.056250 0.065625
1 0.758594 0.439844 0.079687 0.079687
13 0.850781 0.444531 0.054688 0.042188
0 0.902344 0.453906 0.020313 0.101562
0 0.082812 0.615625 0.025000 0.106250
0 0.235156 0.603125 0.023438 0.087500
0 0.388281 0.603125 0.023438 0.100000
11 0.157031 0.600781 0.045312 0.057813
13 0.319531 0.599219 0.051562 0.048438
0 0.600000 0.603906 0.021875 0.076563
12 0.680469 0.603125 0.045312 0.062500
1 0.763281 0.600000 0.064062 0.081250
13 0.849219 0.591406 0.051562 0.039062
1 0.912500 0.599219 0.071875 0.079687
1 0.080469 0.793750 0.070312 0.078125
12 0.164844 0.800000 0.057813 0.065625
1 0.245312 0.790625 0.065625 0.071875
13 0.317969 0.785937 0.057813 0.043750
3 0.390625 0.792969 0.056250 0.110937
3 0.603906 0.795312 0.076563 0.103125
11 0.688281 0.785937 0.048438 0.065625
0 0.759375 0.795312 0.018750 0.106250
13 0.825000 0.800000 0.056250 0.043750
3 0.905469 0.812500 0.064062 0.121875
