5 0.056250 0.129688 0.043750 0.106250
9 0.134375 0.132031 0.034375 0.076563
5 0.215625 0.127344 0.046875 0.104688
13 0.300000 0.130469 0.043750 0.042188
0 0.364063 0.128125 0.025000 0.087500
1 0.426563 0.126562 0.053125 0.075000
1 0.738281 0.135156 0.064062 0.076563
5 0.587500 0.125781 0.043750 0.101562
10 0.653906 0.128125 0.042188 0.021875
13 0.825781 0.120313 0.054688 0.046875
3 0.911719 0.140625 0.067187 0.118750
5 0.061719 0.295312 0.051562 0.121875
11 0.142187 0.291406 0.053125 0.057813
1 0.221875 0.300000 0.068750 0.078125
13 0.322656 0.316406 0.054688 0.045312
2 0.392969 0.310937 0.051562 0.103125
2 0.587500 0.321094 0.059375 0.089063
11 0.660156 0.303125 0.054688 0.068750
2 0.742188 0.317969 0.053125 0.095312
13 0.822656 0.308594 0.057813 0.042188
0 0.915625 0.311719 0.025000 0.123438
8 0.072656 0.478906 0.048438 0.110937
11 0.157812 0.466406 0.050000 0.064062
2 0.244531 0.471875 0.054688 0.100000
13 0.331250 0.475781 0.053125 0.045312
2 0.416406 0.473438 0.064062 0.103125
8 0.593750 0.477344 0.059375 0.129688
11 0.664062 0.465625 0.050000 0.065625
0 0.732812 0.471875 0.021875 0.100000
13 0.822656 0.453125 0.054688 0.040625
8 0.900000 0.490625 0.056250 0.143750
5 0.069531 0.641406 0.054688 0.139063
11 0.157812 0.647656 0.053125 0.079687
1 0.239844 0.656250 0.070312 0.084375
13 0.334375 0.652344 0.046875 0.039062
2 0.408594 0.636719 0.064062 0.095312
8 0.601562 0.654687 0.059375 0.109375
10 0.676562 0.645312 0.046875 0.012500
5 0.742969 0.633594 0.042188 0.120313
13 0.833594 0.639062 0.045312 0.037500
2 0.903125 0.645312 0.065625 0.103125
2 0.053125 0.868750 0.053125 0.103125
9 0.130469 0.857812 0.054688 0.071875
3 0.233594 0.852344 0.057813 0.114062
13 0.332031 0.850000 0.051562 0.050000
6 0.400781 0.864062 0.054688 0.112500
6 0.593750 0.861719 0.053125 0.120313
9 0.667969 0.852344 0.054688 0.076563
7 0.747656 0.857812 0.073438 0.100000
13 0.835938 0.857812 0.053125 0.046875
0 0.894531 0.860938 0.020313 0.093750
4 0.938281 0.863281 0.057813 0.082812
