4 0.102344 0.127344 0.048438 0.085938
9 0.174219 0.122656 0.045312 0.057813
4 0.249219 0.134375 0.051562 0.087500
13 0.342969 0.141406 0.051562 0.045312
0 0.407813 0.142969 0.021875 0.079687
14 0.452344 0.140625 0.035937 0.065625
0 0.592969 0.152344 0.020313 0.079687
14 0.628906 0.152344 0.039062 0.067187
10 0.685937 0.146875 0.034375 0.018750
1 0.733594 0.148438 0.048438 0.068750
13 0.800000 0.153125 0.046875 0.043750
7 0.859375 0.165625 0.050000 0.093750
7 0.098437 0.276562 0.056250 0.096875
10 0.158594 0.277344 0.035937 0.017188
6 0.235156 0.285156 0.045312 0.101562
13 0.323437 0.288281 0.053125 0.045312
0 0.393750 0.280469 0.018750 0.098437
0 0.602344 0.295312 0.020313 0.084375
9 0.660937 0.288281 0.037500 0.064062
1 0.737500 0.293750 0.062500 0.078125
13 0.804688 0.291406 0.050000 0.039062
2 0.860156 0.303906 0.045312 0.095312
2 0.107813 0.454688 0.059375 0.081250
11 0.196875 0.439063 0.059375 0.062500
2 0.278125 0.446875 0.053125 0.093750
13 0.357031 0.442969 0.054688 0.042188
0 0.420312 0.444531 0.028125 0.089063
0 0.595313 0.453906 0.021875 0.104688
12 0.667188 0.453125 0.050000 0.065625
1 0.749219 0.451562 0.064062 0.071875
13 0.832812 0.446094 0.043750 0.035937
1 0.901563 0.442969 0.065625 0.085938
1 0.117188 0.628125 0.081250 0.071875
12 0.209375 0.617969 0.062500 0.060937
6 0.294531 0.615625 0.051562 0.100000
13 0.375781 0.618750 0.051562 0.046875
0 0.426563 0.612500 0.018750 0.106250
3 0.473438 0.614062 0.046875 0.096875
0 0.605469 0.620313 0.023438 0.096875
3 0.658594 0.621875 0.054688 0.100000
10 0.722656 0.611719 0.048438 0.014063
8 0.794531 0.625781 0.045312 0.117188
13 0.864844 0.628125 0.045312 0.046875
4 0.933594 0.629687 0.067187 0.093750
4 0.080469 0.792188 0.057813 0.100000
12 0.189062 0.780469 0.043750 0.060937
1 0.278125 0.785156 0.056250 0.070312
13 0.359375 0.789062 0.046875 0.043750
0 0.414844 0.786719 0.017188 0.082812
14 0.465625 0.782031 0.046875 0.067187
0 0.588281 0.800000 0.014063 0.087500
14 0.632031 0.799219 0.045312 0.079687
10 0.701562 0.793750 0.040625 0.015625
6 0.755469 0.800781 0.051562 0.098437
13 0.834375 0.800000 0.053125 0.040625
2 0.914062 0.807813 0.053125 0.115625
