8 0.067187 0.206250 0.031250 0.078125
9 0.108594 0.210156 0.032813 0.048438
5 0.163281 0.202344 0.026562 0.079687
13 0.251563 0.195312 0.034375 0.031250
0 0.304688 0.197656 0.012500 0.060937
4 0.341406 0.200000 0.035937 0.053125
1 0.590625 0.193750 0.043750 0.050000
3 0.625781 0.196094 0.029687 0.064062
9 0.685156 0.194531 0.042188 0.048438
5 0.747656 0.189844 0.029687 0.064062
13 0.805469 0.197656 0.026562 0.026562
2 0.850000 0.200781 0.031250 0.054688
14 0.884375 0.195312 0.034375 0.043750
0 0.048438 0.314844 0.015625 0.051562
4 0.089844 0.304688 0.039062 0.056250
9 0.153906 0.300781 0.039062 0.057813
6 0.246875 0.309375 0.037500 0.059375
13 0.298438 0.310937 0.037500 0.031250
1 0.365625 0.306250 0.046875 0.056250
1 0.416406 0.306250 0.045312 0.059375
2 0.580469 0.285156 0.032813 0.064062
14 0.619531 0.285938 0.029687 0.037500
9 0.678125 0.279687 0.034375 0.034375
2 0.737500 0.290625 0.025000 0.053125
14 0.781250 0.291406 0.028125 0.045312
13 0.835156 0.282813 0.042188 0.025000
5 0.893750 0.282031 0.031250 0.064062
14 0.928125 0.293750 0.037500 0.046875
1 0.063281 0.410938 0.042188 0.050000
1 0.106250 0.410938 0.040625 0.053125
12 0.176563 0.409375 0.050000 0.050000
2 0.256250 0.409375 0.043750 0.071875
13 0.322656 0.403906 0.042188 0.032813
5 0.386719 0.400000 0.026562 0.078125
5 0.426563 0.402344 0.034375 0.082812
5 0.589844 0.390625 0.035937 0.068750
14 0.632812 0.395313 0.034375 0.053125
9 0.686719 0.390625 0.032813 0.050000
5 0.748437 0.384375 0.028125 0.071875
14 0.785937 0.391406 0.028125 0.057813
13 0.845313 0.383594 0.040625 0.026562
0 0.900000 0.385937 0.018750 0.059375
1 0.932813 0.385156 0.031250 0.051562
14 0.967969 0.390625 0.023438 0.043750
5 0.053125 0.520312 0.025000 0.081250
5 0.093750 0.517969 0.031250 0.076563
9 0.152344 0.523438 0.042188 0.068750
5 0.248438 0.508594 0.037500 0.082812
13 0.320312 0.514844 0.031250 0.029687
6 0.373437 0.514844 0.034375 0.070312
1 0.431250 0.515625 0.050000 0.059375
0 0.563281 0.472656 0.014063 0.054688
1 0.596875 0.473438 0.031250 0.056250
14 0.626563 0.472656 0.028125 0.051562
10 0.672656 0.471875 0.032813 0.021875
6 0.725781 0.469531 0.026562 0.073438
8 0.757812 0.479687 0.031250 0.065625
13 0.822656 0.485156 0.035937 0.029687
3 0.889062 0.488281 0.040625 0.073438
0 0.932031 0.488281 0.020313 0.067187
6 0.049219 0.633594 0.035937 0.057813
1 0.096875 0.632812 0.037500 0.062500
11 0.161719 0.632812 0.039062 0.056250
1 0.239844 0.625781 0.051562 0.067187
13 0.305469 0.621875 0.039062 0.040625
2 0.364844 0.625781 0.035937 0.064062
5 0.405469 0.618750 0.032813 0.075000
1 0.575000 0.575000 0.037500 0.046875
8 0.610156 0.583594 0.032813 0.073438
10 0.671875 0.585156 0.040625 0.014063
5 0.741406 0.585156 0.032813 0.076563
13 0.819531 0.583594 0.039062 0.035937
1 0.887500 0.582812 0.037500 0.053125
2 0.926562 0.592187 0.031250 0.068750
2 0.055469 0.726562 0.029687 0.059375
5 0.093750 0.705469 0.031250 0.067187
10 0.159375 0.721875 0.028125 0.018750
0 0.211719 0.723437 0.014063 0.065625
1 0.256250 0.723437 0.037500 0.053125
13 0.324219 0.725000 0.029687 0.040625
1 0.389844 0.715625 0.035937 0.053125
3 0.429688 0.726562 0.040625 0.075000
1 0.563281 0.708594 0.045312 0.054688
2 0.612500 0.721094 0.037500 0.070312
9 0.697656 0.703125 0.035937 0.050000
5 0.760156 0.700000 0.029687 0.078125
13 0.839844 0.695312 0.039062 0.037500
1 0.908594 0.695312 0.042188 0.065625
8 0.946875 0.705469 0.034375 0.085938
