6 0.051562 0.102344 0.037500 0.079687
10 0.130469 0.100000 0.048438 0.018750
3 0.214844 0.096094 0.051562 0.085938
13 0.310156 0.109375 0.051562 0.050000
2 0.377344 0.110937 0.045312 0.100000
2 0.539844 0.121875 0.054688 0.093750
9 0.605469 0.117188 0.051562 0.071875
1 0.683594 0.121094 0.057813 0.079687
13 0.768750 0.118750 0.056250 0.050000
4 0.849219 0.128906 0.076563 0.082812
4 0.053906 0.301563 0.067187 0.090625
10 0.132812 0.303906 0.050000 0.017188
1 0.206250 0.305469 0.059375 0.079687
13 0.309375 0.306250 0.062500 0.040625
2 0.372656 0.306250 0.054688 0.087500
2 0.544531 0.307812 0.060937 0.084375
11 0.614844 0.307031 0.060937 0.067187
0 0.690625 0.310156 0.018750 0.095312
13 0.775000 0.305469 0.059375 0.039062
2 0.853906 0.313281 0.060937 0.098437
2 0.060156 0.499219 0.048438 0.095312
12 0.151562 0.491406 0.050000 0.070312
1 0.242969 0.490625 0.057813 0.075000
13 0.323437 0.492969 0.056250 0.045312
5 0.414844 0.485938 0.042188 0.103125
5 0.561719 0.483594 0.051562 0.110937
11 0.625781 0.481250 0.045312 0.059375
1 0.700781 0.489063 0.067187 0.071875
13 0.785937 0.488281 0.053125 0.042188
2 0.847656 0.490625 0.054688 0.100000
5 0.048438 0.675000 0.034375 0.118750
11 0.148438 0.667188 0.046875 0.062500
1 0.236719 0.670312 0.057813 0.081250
13 0.335938 0.680469 0.056250 0.042188
2 0.417187 0.677344 0.059375 0.085938
2 0.563281 0.681250 0.054688 0.090625
12 0.639062 0.680469 0.053125 0.057813
0 0.710156 0.678906 0.017188 0.092188
13 0.797656 0.678906 0.057813 0.048438
2 0.864844 0.685156 0.057813 0.110937
0 0.046094 0.866406 0.026562 0.089063
9 0.147656 0.853125 0.045312 0.065625
1 0.248438 0.854688 0.065625 0.081250
13 0.353906 0.860156 0.057813 0.057813
2 0.431250 0.852344 0.056250 0.095312
8 0.575000 0.849219 0.050000 0.104688
10 0.660937 0.845313 0.062500 0.012500
5 0.733594 0.846094 0.048438 0.101562
13 0.815625 0.856250 0.053125 0.046875
2 0.876563 0.862500 0.065625 0.103125
