6 0.075000 0.123438 0.056250 0.090625
10 0.150000 0.117969 0.053125 0.023438
3 0.244531 0.121875 0.054688 0.100000
13 0.342187 0.125000 0.062500 0.040625
2 0.415625 0.124219 0.065625 0.092188
2 0.596875 0.135156 0.059375 0.107813
12 0.691406 0.142187 0.054688 0.078125
0 0.772656 0.127344 0.020313 0.110937
13 0.835156 0.128125 0.054688 0.046875
2 0.899219 0.132031 0.064062 0.117188
8 0.076563 0.294531 0.053125 0.123438
10 0.157812 0.281250 0.053125 0.015625
5 0.242969 0.283594 0.048438 0.110937
13 0.335938 0.283594 0.065625 0.042188
2 0.432031 0.285156 0.057813 0.101562
7 0.596094 0.296094 0.060937 0.101562
11 0.684375 0.287500 0.059375 0.071875
3 0.758594 0.292969 0.060937 0.101562
13 0.844531 0.291406 0.048438 0.051562
1 0.922656 0.292187 0.070312 0.090625
1 0.099219 0.474219 0.067187 0.076563
12 0.184375 0.471875 0.046875 0.078125
3 0.271875 0.464844 0.062500 0.092188
13 0.358594 0.462500 0.054688 0.040625
7 0.439844 0.459375 0.054688 0.087500
5 0.604688 0.453125 0.053125 0.106250
11 0.676562 0.454688 0.056250 0.068750
1 0.770312 0.453125 0.075000 0.084375
13 0.853125 0.457031 0.056250 0.048438
2 0.921875 0.461719 0.056250 0.098437
3 0.111719 0.669531 0.064062 0.104688
11 0.208594 0.664844 0.051562 0.067187
1 0.303906 0.653125 0.070312 0.096875
13 0.377344 0.660156 0.057813 0.039062
1 0.456250 0.662500 0.075000 0.078125
1 0.624219 0.662500 0.067187 0.071875
12 0.694531 0.659375 0.057813 0.068750
3 0.763281 0.664844 0.057813 0.114062
13 0.855469 0.658594 0.057813 0.045312
7 0.922656 0.655469 0.045312 0.089063
4 0.114844 0.875781 0.057813 0.082812
9 0.213281 0.867188 0.042188 0.078125
0 0.288281 0.867188 0.014063 0.090625
13 0.375000 0.864844 0.050000 0.035937
5 0.448437 0.857031 0.040625 0.107813
6 0.612500 0.864062 0.059375 0.106250
9 0.680469 0.855469 0.045312 0.064062
1 0.776563 0.855469 0.065625 0.082812
13 0.853906 0.851562 0.060937 0.050000
8 0.909375 0.872656 0.046875 0.123438
