3 0.100781 0.153125 0.054688 0.087500
10 0.171094 0.147656 0.048438 0.014063
2 0.255469 0.146875 0.048438 0.081250
13 0.346875 0.146875 0.059375 0.043750
0 0.427344 0.144531 0.014063 0.085938
2 0.558594 0.153125 0.045312 0.087500
9 0.616406 0.153906 0.051562 0.057813
1 0.703906 0.150781 0.054688 0.070312
13 0.775000 0.149219 0.056250 0.039062
4 0.835156 0.153906 0.054688 0.079687
4 0.092188 0.296094 0.056250 0.085938
9 0.172656 0.294531 0.045312 0.064062
1 0.271875 0.293750 0.059375 0.071875
13 0.357031 0.286719 0.054688 0.042188
6 0.421094 0.288281 0.054688 0.095312
6 0.550781 0.288281 0.042188 0.076563
10 0.622656 0.289844 0.057813 0.020313
5 0.700000 0.282031 0.046875 0.101562
13 0.787500 0.284375 0.053125 0.040625
0 0.839844 0.289844 0.020313 0.092188
0 0.085156 0.449219 0.017188 0.098437
12 0.181250 0.444531 0.043750 0.064062
5 0.271094 0.444531 0.045312 0.123438
13 0.372656 0.439844 0.054688 0.035937
5 0.450781 0.432812 0.045312 0.106250
5 0.585938 0.426563 0.043750 0.100000
10 0.650000 0.425781 0.046875 0.014063
4 0.714063 0.437500 0.062500 0.109375
13 0.788281 0.434375 0.045312 0.050000
0 0.852344 0.434375 0.017188 0.103125
4 0.108594 0.606250 0.064062 0.093750
12 0.192969 0.606250 0.051562 0.071875
1 0.278125 0.604688 0.062500 0.078125
13 0.382812 0.603906 0.053125 0.045312
0 0.443750 0.603906 0.018750 0.089063
14 0.489844 0.600000 0.039062 0.068750
0 0.583594 0.594531 0.014063 0.076563
14 0.625000 0.587500 0.037500 0.059375
10 0.675000 0.591406 0.034375 0.020313
6 0.755469 0.591406 0.060937 0.092188
13 0.833594 0.589844 0.045312 0.042188
2 0.892969 0.600781 0.067187 0.101562
4 0.088281 0.809375 0.064062 0.093750
11 0.180469 0.796875 0.064062 0.062500
4 0.270313 0.815625 0.071875 0.103125
13 0.380469 0.805469 0.057813 0.039062
0 0.439063 0.803125 0.028125 0.103125
0 0.589844 0.805469 0.020313 0.095312
0 0.770312 0.793750 0.018750 0.100000
0 0.897656 0.792188 0.023438 0.115625
11 0.682813 0.784375 0.065625 0.059375
13 0.836719 0.785937 0.054688 0.034375
