4 0.096875 0.141406 0.056250 0.082812
10 0.170313 0.143750 0.053125 0.015625
0 0.267188 0.141406 0.021875 0.089063
13 0.342187 0.153906 0.065625 0.042188
3 0.425000 0.150000 0.050000 0.093750
3 0.593750 0.159375 0.056250 0.093750
9 0.653125 0.158594 0.031250 0.057813
4 0.736719 0.160156 0.064062 0.079687
13 0.817187 0.160156 0.050000 0.042188
8 0.887500 0.174219 0.043750 0.129688
8 0.089063 0.333594 0.059375 0.095312
10 0.174219 0.325000 0.054688 0.021875
4 0.269531 0.323437 0.060937 0.071875
13 0.367969 0.323437 0.051562 0.037500
3 0.450781 0.320312 0.057813 0.109375
5 0.584375 0.313281 0.043750 0.101562
9 0.645312 0.322656 0.043750 0.067187
2 0.728125 0.316406 0.056250 0.101562
13 0.814063 0.318750 0.056250 0.050000
8 0.890625 0.323437 0.056250 0.121875
6 0.087500 0.492188 0.053125 0.075000
10 0.192969 0.486719 0.057813 0.010937
4 0.271875 0.487500 0.056250 0.075000
13 0.385156 0.478906 0.054688 0.035937
1 0.461719 0.470313 0.067187 0.075000
1 0.598437 0.475781 0.062500 0.070312
12 0.671094 0.471094 0.057813 0.070312
3 0.749219 0.474219 0.060937 0.098437
13 0.828125 0.470313 0.046875 0.037500
7 0.892969 0.477344 0.057813 0.098437
7 0.094531 0.632812 0.054688 0.087500
11 0.181250 0.625000 0.053125 0.065625
3 0.264062 0.629687 0.062500 0.096875
13 0.380469 0.636719 0.064062 0.051562
1 0.467187 0.627344 0.071875 0.082812
5 0.601562 0.617969 0.043750 0.092188
11 0.678906 0.617188 0.054688 0.062500
2 0.753906 0.624219 0.048438 0.092188
13 0.834375 0.627344 0.065625 0.042188
1 0.913281 0.627344 0.060937 0.089063
6 0.088281 0.845313 0.054688 0.078125
10 0.175781 0.833594 0.057813 0.020313
5 0.268750 0.824219 0.050000 0.089063
13 0.358594 0.840625 0.051562 0.046875
6 0.429688 0.855469 0.043750 0.110937
6 0.598437 0.827344 0.040625 0.095312
9 0.678906 0.821875 0.048438 0.071875
1 0.774219 0.822656 0.054688 0.085938
13 0.851562 0.831250 0.043750 0.053125
8 0.917969 0.839063 0.039062 0.143750
