1 0.054688 0.107031 0.053125 0.064062
9 0.143750 0.106250 0.043750 0.065625
6 0.241406 0.119531 0.048438 0.095312
13 0.341406 0.114062 0.045312 0.037500
8 0.421875 0.127344 0.050000 0.117188
8 0.585156 0.135937 0.054688 0.112500
10 0.652344 0.125781 0.057813 0.017188
6 0.734375 0.147656 0.062500 0.110937
13 0.811719 0.147656 0.064062 0.060937
1 0.897656 0.148438 0.073438 0.090625
1 0.068750 0.285938 0.059375 0.087500
12 0.164844 0.276562 0.042188 0.071875
3 0.253906 0.276562 0.060937 0.103125
13 0.361719 0.283594 0.051562 0.042188
7 0.429688 0.286719 0.056250 0.092188
7 0.589063 0.307031 0.071875 0.098437
10 0.653906 0.302344 0.042188 0.014063
6 0.721094 0.310937 0.048438 0.084375
13 0.818750 0.314063 0.053125 0.043750
0 0.881250 0.318750 0.018750 0.106250
0 0.067969 0.435156 0.014063 0.101562
9 0.164844 0.434375 0.048438 0.071875
4 0.269531 0.436719 0.064062 0.085938
13 0.378125 0.442969 0.050000 0.048438
5 0.468750 0.441406 0.040625 0.101562
5 0.591406 0.460938 0.042188 0.096875
9 0.677344 0.467187 0.051562 0.075000
2 0.753906 0.472656 0.057813 0.092188
13 0.832031 0.477344 0.054688 0.042188
8 0.898438 0.489844 0.046875 0.126562
2 0.064844 0.626563 0.064062 0.090625
9 0.160938 0.605469 0.059375 0.060937
3 0.259375 0.613281 0.062500 0.101562
13 0.369531 0.621875 0.054688 0.046875
6 0.446875 0.616406 0.056250 0.085938
6 0.582812 0.630469 0.053125 0.085938
9 0.662500 0.629687 0.056250 0.075000
0 0.754687 0.630469 0.021875 0.089063
13 0.833594 0.635156 0.054688 0.042188
7 0.907031 0.635938 0.051562 0.100000
7 0.071875 0.831250 0.059375 0.100000
11 0.157031 0.828906 0.045312 0.076563
3 0.240625 0.833594 0.056250 0.098437
13 0.351562 0.838281 0.065625 0.051562
1 0.457813 0.839844 0.078125 0.082812
1 0.600000 0.842969 0.059375 0.076563
9 0.672656 0.838281 0.048438 0.070312
6 0.755469 0.858594 0.054688 0.120313
13 0.858594 0.860938 0.057813 0.046875
7 0.925000 0.871094 0.053125 0.098437
