14 0.117188 0.136719 0.059375 0.104688
14 0.275000 0.131250 0.046875 0.062500
14 0.432031 0.115625 0.070312 0.121875
14 0.596875 0.118750 0.046875 0.103125
14 0.757031 0.111719 0.060937 0.120313
14 0.887500 0.109375 0.046875 0.075000
14 0.129688 0.277344 0.050000 0.092188
14 0.282031 0.287500 0.045312 0.078125
14 0.430469 0.274219 0.054688 0.104688
14 0.605469 0.258594 0.048438 0.060937
14 0.747656 0.275000 0.064062 0.112500
14 0.877344 0.261719 0.054688 0.104688
14 0.122656 0.409375 0.051562 0.096875
14 0.275781 0.413281 0.064062 0.095312
14 0.420312 0.421094 0.046875 0.098437
14 0.603125 0.413281 0.056250 0.101562
14 0.759375 0.404687 0.046875 0.093750
14 0.886719 0.410938 0.067187 0.112500
14 0.116406 0.554688 0.045312 0.096875
14 0.285156 0.557813 0.057813 0.087500
14 0.416406 0.564844 0.060937 0.079687
14 0.598437 0.572656 0.065625 0.095312
14 0.763281 0.565625 0.070312 0.103125
14 0.900781 0.569531 0.082812 0.126562
14 0.114062 0.726562 0.053125 0.125000
14 0.096875 0.864844 0.050000 0.107813
14 0.277344 0.718750 0.054688 0.078125
14 0.283594 0.856250 0.054688 0.075000
14 0.423438 0.710938 0.040625 0.106250
14 0.435937 0.864844 0.056250 0.079687
14 0.600781 0.714063 0.060937 0.106250
14 0.613281 0.872656 0.067187 0.092188
14 0.771094 0.719531 0.057813 0.098437
14 0.924219 0.722656 0.067187 0.101562
14 0.775781 0.865625 0.064062 0.103125
14 0.923438 0.872656 0.062500 0.107813
