1 0.077344 0.148438 0.054688 0.065625
9 0.160938 0.142969 0.053125 0.067187
13 0.332031 0.153906 0.051562 0.042188
8 0.392188 0.157812 0.043750 0.096875
8 0.542969 0.156250 0.048438 0.093750
10 0.596875 0.157031 0.031250 0.026562
6 0.684375 0.150000 0.062500 0.093750
13 0.768750 0.160156 0.046875 0.045312
1 0.864844 0.157031 0.067187 0.079687
3 0.074219 0.307031 0.060937 0.085938
9 0.164062 0.294531 0.040625 0.064062
5 0.254688 0.300781 0.043750 0.089063
13 0.337500 0.299219 0.053125 0.045312
0 0.390625 0.305469 0.021875 0.085938
14 0.438281 0.303906 0.042188 0.082812
6 0.552344 0.314844 0.054688 0.082812
3 0.692969 0.312500 0.060937 0.100000
10 0.614062 0.302344 0.050000 0.020313
13 0.786719 0.316406 0.051562 0.042188
2 0.861719 0.322656 0.060937 0.101562
6 0.254688 0.149219 0.040625 0.079687
2 0.085156 0.463281 0.057813 0.082812
2 0.076563 0.803906 0.043750 0.092188
6 0.256250 0.471094 0.053125 0.092188
6 0.708594 0.459375 0.048438 0.084375
6 0.875000 0.648438 0.046875 0.096875
9 0.160156 0.460156 0.042188 0.070312
9 0.162500 0.634375 0.046875 0.068750
9 0.650781 0.628906 0.042188 0.067187
9 0.648438 0.840625 0.040625 0.068750
9 0.157031 0.799219 0.042188 0.076563
13 0.339062 0.464844 0.053125 0.057813
13 0.795312 0.453906 0.053125 0.048438
13 0.800781 0.638281 0.048438 0.048438
13 0.809375 0.836719 0.050000 0.048438
13 0.350781 0.633594 0.051562 0.054688
13 0.355469 0.813281 0.054688 0.054688
0 0.396875 0.457031 0.025000 0.076563
0 0.724219 0.639062 0.023438 0.093750
0 0.867188 0.839844 0.025000 0.076563
14 0.444531 0.464062 0.054688 0.062500
14 0.914062 0.844531 0.040625 0.067187
8 0.575781 0.463281 0.045312 0.107813
10 0.628906 0.457031 0.042188 0.026562
3 0.082812 0.642969 0.059375 0.095312
1 0.262500 0.635938 0.053125 0.084375
1 0.878125 0.459375 0.071875 0.081250
5 0.440625 0.637500 0.040625 0.100000
5 0.587500 0.620313 0.043750 0.090625
4 0.265625 0.812500 0.059375 0.090625
7 0.426563 0.812500 0.050000 0.087500
7 0.589844 0.838281 0.048438 0.092188
1 0.727344 0.841406 0.054688 0.079687
