1 0.085938 0.103906 0.059375 0.057813
1 0.807031 0.132031 0.070312 0.089063
1 0.846875 0.300781 0.056250 0.076563
1 0.832031 0.435156 0.070312 0.085938
1 0.102344 0.271875 0.073438 0.065625
1 0.277344 0.733594 0.064062 0.079687
1 0.432031 0.925000 0.060937 0.084375
1 0.571875 0.940625 0.059375 0.068750
1 0.428906 0.417187 0.073438 0.078125
1 0.438281 0.582031 0.064062 0.082812
1 0.686719 0.424219 0.054688 0.073438
9 0.157812 0.099219 0.043750 0.060937
13 0.328906 0.114844 0.048438 0.035937
13 0.742188 0.127344 0.043750 0.048438
13 0.777344 0.294531 0.057813 0.042188
13 0.764062 0.427344 0.059375 0.042188
13 0.775781 0.584375 0.054688 0.053125
13 0.772656 0.749219 0.048438 0.048438
13 0.788281 0.942969 0.051562 0.045312
13 0.353906 0.931250 0.051562 0.046875
13 0.370312 0.739844 0.062500 0.048438
13 0.363281 0.583594 0.054688 0.054688
13 0.357031 0.419531 0.057813 0.045312
13 0.355469 0.278906 0.067187 0.039062
6 0.257812 0.110156 0.043750 0.082812
6 0.670312 0.120313 0.037500 0.087500
6 0.694531 0.747656 0.045312 0.089063
6 0.831250 0.753125 0.040625 0.103125
8 0.411719 0.119531 0.051562 0.107813
8 0.532813 0.127344 0.040625 0.092188
8 0.553125 0.580469 0.050000 0.101562
2 0.266406 0.271094 0.048438 0.085938
5 0.096875 0.405469 0.046875 0.092188
5 0.439844 0.276562 0.051562 0.106250
5 0.550000 0.280469 0.046875 0.104688
3 0.701562 0.288281 0.056250 0.089063
10 0.597656 0.121094 0.048438 0.023438
10 0.625000 0.279687 0.056250 0.021875
10 0.182031 0.737500 0.054688 0.021875
10 0.180469 0.927344 0.048438 0.023438
2 0.261719 0.415625 0.057813 0.087500
2 0.831250 0.592969 0.053125 0.104688
2 0.721094 0.935156 0.048438 0.092188
2 0.100000 0.748437 0.053125 0.090625
2 0.696875 0.586719 0.043750 0.092188
7 0.097656 0.569531 0.051562 0.082812
3 0.271094 0.575781 0.064062 0.089063
0 0.429688 0.735938 0.021875 0.093750
0 0.571094 0.732031 0.023438 0.076563
5 0.266406 0.915625 0.048438 0.118750
5 0.849219 0.937500 0.045312 0.100000
7 0.111719 0.925000 0.057813 0.093750
3 0.545312 0.425000 0.053125 0.084375
12 0.185156 0.263281 0.045312 0.054688
11 0.613281 0.416406 0.048438 0.060937
11 0.176563 0.403906 0.053125 0.057813
11 0.621094 0.579688 0.051562 0.059375
11 0.178906 0.564844 0.060937 0.067187
12 0.626563 0.731250 0.037500 0.056250
12 0.639844 0.932031 0.054688 0.060937
