8 0.075000 0.141406 0.056250 0.114062
10 0.150781 0.135937 0.051562 0.025000
6 0.242188 0.155469 0.043750 0.107813
13 0.335156 0.160938 0.057813 0.043750
1 0.410938 0.163281 0.056250 0.089063
5 0.562500 0.163281 0.040625 0.098437
10 0.628125 0.165625 0.043750 0.021875
3 0.720313 0.169531 0.065625 0.089063
13 0.805469 0.182031 0.051562 0.042188
1 0.884375 0.176563 0.059375 0.087500
7 0.075781 0.317969 0.064062 0.095312
10 0.154688 0.325781 0.053125 0.023438
1 0.255469 0.324219 0.067187 0.076563
13 0.357031 0.323437 0.057813 0.050000
5 0.435156 0.309375 0.054688 0.112500
0 0.570312 0.330469 0.025000 0.095312
9 0.646875 0.335156 0.068750 0.073438
1 0.753906 0.333594 0.067187 0.085938
13 0.826562 0.333594 0.059375 0.039062
2 0.896875 0.334375 0.050000 0.100000
2 0.080469 0.470313 0.067187 0.096875
2 0.571875 0.485938 0.059375 0.090625
2 0.729688 0.485938 0.059375 0.109375
1 0.271875 0.470313 0.071875 0.071875
1 0.238281 0.796094 0.064062 0.073438
1 0.891406 0.839063 0.079687 0.103125
1 0.761719 0.636719 0.070312 0.089063
13 0.360156 0.473438 0.051562 0.043750
5 0.439844 0.460938 0.051562 0.109375
13 0.830469 0.497656 0.057813 0.048438
0 0.899219 0.492188 0.029687 0.106250
8 0.924219 0.651563 0.054688 0.125000
13 0.855469 0.626563 0.060937 0.043750
13 0.814844 0.830469 0.060937 0.051562
5 0.717187 0.822656 0.043750 0.104688
10 0.648438 0.812500 0.046875 0.025000
7 0.576562 0.814844 0.071875 0.098437
7 0.064062 0.794531 0.068750 0.098437
0 0.069531 0.608594 0.026562 0.079687
6 0.273438 0.603906 0.050000 0.095312
6 0.449219 0.628125 0.054688 0.103125
6 0.582812 0.631250 0.065625 0.100000
9 0.664062 0.625000 0.065625 0.087500
13 0.367969 0.618750 0.064062 0.053125
13 0.335938 0.798438 0.059375 0.043750
0 0.396094 0.803125 0.026562 0.090625
14 0.439844 0.814844 0.045312 0.076563
9 0.144531 0.800781 0.054688 0.079687
12 0.171875 0.463281 0.050000 0.070312
12 0.182812 0.596875 0.046875 0.059375
11 0.645312 0.471875 0.062500 0.068750
