0 0.067969 0.115625 0.023438 0.084375
9 0.150781 0.112500 0.048438 0.078125
1 0.241406 0.116406 0.057813 0.073438
13 0.331250 0.120313 0.050000 0.046875
2 0.406250 0.115625 0.059375 0.093750
8 0.075781 0.296875 0.057813 0.118750
10 0.158594 0.277344 0.051562 0.020313
6 0.236719 0.288281 0.048438 0.089063
13 0.339062 0.289062 0.053125 0.040625
10 0.157031 0.434375 0.054688 0.018750
10 0.167187 0.746094 0.056250 0.023438
13 0.331250 0.440625 0.062500 0.043750
13 0.342187 0.600781 0.059375 0.051562
13 0.351562 0.755469 0.056250 0.042188
13 0.807813 0.138281 0.071875 0.045312
13 0.813281 0.313281 0.051562 0.045312
13 0.833594 0.460156 0.048438 0.048438
13 0.838281 0.604688 0.051562 0.043750
13 0.826562 0.750000 0.062500 0.043750
9 0.641406 0.131250 0.054688 0.062500
9 0.664062 0.746094 0.056250 0.073438
11 0.142969 0.591406 0.051562 0.070312
12 0.652344 0.301563 0.051562 0.065625
12 0.675000 0.439844 0.056250 0.079687
12 0.678906 0.596094 0.057813 0.073438
4 0.726562 0.136719 0.062500 0.079687
8 0.882812 0.157031 0.053125 0.126562
1 0.421094 0.292969 0.070312 0.079687
3 0.573438 0.136719 0.056250 0.104688
5 0.077344 0.431250 0.048438 0.109375
1 0.421094 0.432812 0.070312 0.078125
3 0.242969 0.441406 0.060937 0.104688
5 0.057813 0.591406 0.046875 0.082812
4 0.078125 0.746094 0.059375 0.085938
2 0.236719 0.596875 0.054688 0.087500
1 0.412500 0.595313 0.065625 0.087500
3 0.257812 0.753906 0.071875 0.101562
0 0.409375 0.756250 0.021875 0.100000
1 0.577344 0.303906 0.079687 0.082812
2 0.732031 0.306250 0.051562 0.100000
5 0.887500 0.310937 0.046875 0.109375
1 0.600000 0.445312 0.075000 0.081250
6 0.750781 0.466406 0.042188 0.110937
0 0.878906 0.457031 0.020313 0.095312
3 0.930469 0.478906 0.051562 0.110937
0 0.587500 0.600000 0.025000 0.100000
0 0.589063 0.751563 0.021875 0.093750
0 0.742969 0.747656 0.020313 0.101562
1 0.911719 0.757031 0.076563 0.092188
5 0.763281 0.588281 0.042188 0.107813
5 0.917969 0.601562 0.048438 0.103125
