6 0.085938 0.154688 0.046875 0.078125
9 0.182031 0.163281 0.057813 0.079687
0 0.268750 0.167187 0.021875 0.093750
13 0.350000 0.167969 0.062500 0.042188
7 0.425000 0.171094 0.043750 0.085938
8 0.582031 0.171094 0.048438 0.079687
10 0.650781 0.164844 0.045312 0.014063
6 0.728906 0.175000 0.042188 0.084375
13 0.809375 0.171094 0.043750 0.039062
1 0.880469 0.174219 0.064062 0.076563
1 0.097656 0.337500 0.060937 0.071875
12 0.195312 0.336719 0.059375 0.064062
2 0.288281 0.332813 0.048438 0.096875
13 0.371875 0.330469 0.050000 0.039062
5 0.445312 0.329688 0.043750 0.106250
5 0.589063 0.324219 0.037500 0.095312
10 0.649219 0.322656 0.035937 0.017188
4 0.731250 0.323437 0.059375 0.093750
13 0.825781 0.328125 0.051562 0.037500
0 0.875000 0.339062 0.018750 0.103125
0 0.103125 0.500000 0.015625 0.090625
9 0.209375 0.474219 0.053125 0.076563
3 0.309375 0.489844 0.056250 0.101562
13 0.391406 0.489063 0.051562 0.037500
4 0.464844 0.487500 0.054688 0.090625
4 0.600000 0.492188 0.056250 0.084375
10 0.676562 0.486719 0.046875 0.014063
2 0.749219 0.487500 0.045312 0.087500
13 0.830469 0.485938 0.051562 0.040625
1 0.890625 0.489063 0.059375 0.068750
2 0.111719 0.663281 0.057813 0.104688
9 0.212500 0.656250 0.050000 0.068750
1 0.311719 0.657031 0.051562 0.073438
13 0.403906 0.654687 0.048438 0.043750
4 0.475781 0.646875 0.048438 0.093750
5 0.602344 0.633594 0.039062 0.082812
10 0.673438 0.632812 0.050000 0.012500
4 0.750000 0.633594 0.053125 0.085938
13 0.835156 0.642188 0.057813 0.034375
0 0.890625 0.646094 0.015625 0.107813
5 0.099219 0.804688 0.045312 0.115625
11 0.198437 0.807813 0.043750 0.065625
2 0.304688 0.807031 0.056250 0.089063
13 0.409375 0.810156 0.050000 0.035937
1 0.481250 0.809375 0.065625 0.078125
7 0.614844 0.807031 0.057813 0.092188
11 0.678125 0.800000 0.043750 0.056250
3 0.747656 0.800781 0.048438 0.089063
13 0.821875 0.812500 0.053125 0.034375
1 0.885938 0.804688 0.062500 0.081250
