4 0.135156 0.172656 0.035937 0.054688
9 0.189844 0.176563 0.035937 0.053125
5 0.252344 0.167969 0.029687 0.070312
13 0.305469 0.171094 0.032813 0.032813
0 0.368750 0.164844 0.015625 0.067187
0 0.403125 0.164844 0.015625 0.070312
0 0.539062 0.162500 0.015625 0.062500
0 0.571094 0.160156 0.017188 0.064062
9 0.616406 0.154688 0.042188 0.056250
5 0.677344 0.148438 0.029687 0.071875
13 0.751563 0.166406 0.040625 0.039062
0 0.800000 0.171094 0.025000 0.064062
6 0.835156 0.169531 0.039062 0.073438
0 0.106250 0.286719 0.015625 0.076563
6 0.143750 0.291406 0.040625 0.076563
10 0.206250 0.279687 0.043750 0.012500
7 0.259375 0.285156 0.046875 0.073438
13 0.317969 0.285156 0.048438 0.032813
8 0.386719 0.285938 0.035937 0.087500
8 0.557031 0.289844 0.045312 0.085938
10 0.614062 0.286719 0.043750 0.014063
5 0.671094 0.282031 0.039062 0.095312
13 0.750781 0.292187 0.054688 0.037500
2 0.828906 0.291406 0.045312 0.079687
2 0.126562 0.406250 0.046875 0.078125
12 0.208594 0.410156 0.048438 0.064062
1 0.282031 0.406250 0.057813 0.065625
13 0.343750 0.405469 0.053125 0.035937
5 0.405469 0.396094 0.045312 0.085938
5 0.567187 0.407813 0.037500 0.093750
12 0.629687 0.410156 0.046875 0.057813
1 0.694531 0.403906 0.051562 0.070312
13 0.757031 0.403906 0.054688 0.026562
0 0.806250 0.404687 0.018750 0.059375
1 0.851562 0.403125 0.056250 0.056250
0 0.093750 0.548438 0.021875 0.075000
1 0.138281 0.542969 0.048438 0.064062
9 0.202344 0.539062 0.060937 0.059375
2 0.281250 0.535937 0.050000 0.084375
13 0.363281 0.540625 0.057813 0.040625
0 0.425000 0.535937 0.021875 0.059375
4 0.471875 0.532031 0.046875 0.067187
0 0.587500 0.534375 0.015625 0.059375
4 0.628906 0.528906 0.042188 0.048438
10 0.692969 0.529687 0.042188 0.021875
5 0.745313 0.527344 0.037500 0.082812
13 0.809375 0.537500 0.050000 0.037500
8 0.867188 0.549219 0.037500 0.098437
8 0.107813 0.663281 0.040625 0.085938
12 0.177344 0.667969 0.054688 0.082812
8 0.255469 0.663281 0.039062 0.104688
13 0.339062 0.660156 0.053125 0.042188
7 0.405469 0.659375 0.042188 0.075000
0 0.450000 0.667969 0.018750 0.082812
7 0.596094 0.667188 0.042188 0.087500
0 0.636719 0.672656 0.017188 0.073438
10 0.691406 0.668750 0.042188 0.012500
0 0.746094 0.662500 0.017188 0.075000
13 0.816406 0.671094 0.042188 0.039062
7 0.876563 0.679688 0.053125 0.068750
14 0.925781 0.689063 0.035937 0.062500
1 0.090625 0.787500 0.046875 0.062500
14 0.128125 0.781250 0.034375 0.059375
12 0.211719 0.783594 0.054688 0.064062
1 0.296094 0.778906 0.051562 0.064062
13 0.372656 0.781250 0.045312 0.034375
3 0.434375 0.775781 0.046875 0.079687
14 0.484375 0.782031 0.037500 0.064062
3 0.611719 0.784375 0.045312 0.093750
14 0.650781 0.779687 0.029687 0.065625
9 0.709375 0.778906 0.034375 0.051562
7 0.770312 0.782813 0.050000 0.078125
13 0.834375 0.792969 0.043750 0.026562
3 0.898438 0.789844 0.040625 0.064062
7 0.941406 0.796094 0.042188 0.070312
