7 0.064062 0.142969 0.043750 0.098437
10 0.127344 0.139063 0.057813 0.015625
5 0.215625 0.137500 0.040625 0.096875
13 0.292187 0.142969 0.037500 0.039062
1 0.367188 0.136719 0.062500 0.079687
3 0.574219 0.140625 0.054688 0.087500
11 0.658594 0.135156 0.042188 0.067187
1 0.754687 0.141406 0.056250 0.073438
13 0.840625 0.141406 0.046875 0.039062
1 0.920312 0.139844 0.065625 0.073438
5 0.060156 0.286719 0.042188 0.104688
11 0.138281 0.300781 0.048438 0.064062
1 0.228906 0.297656 0.064062 0.076563
13 0.321094 0.292969 0.048438 0.048438
2 0.405469 0.295312 0.060937 0.096875
3 0.569531 0.300781 0.054688 0.098437
12 0.654687 0.296094 0.050000 0.073438
1 0.751563 0.296875 0.059375 0.075000
13 0.849219 0.299219 0.045312 0.042188
7 0.924219 0.308594 0.045312 0.095312
7 0.054688 0.455469 0.053125 0.092188
11 0.146875 0.447656 0.053125 0.051562
3 0.252344 0.453906 0.057813 0.095312
13 0.337500 0.462500 0.056250 0.046875
1 0.417969 0.460156 0.067187 0.076563
1 0.593750 0.457813 0.075000 0.068750
12 0.680469 0.458594 0.054688 0.070312
5 0.765625 0.441406 0.046875 0.104688
13 0.849219 0.459375 0.051562 0.040625
0 0.904687 0.459375 0.015625 0.084375
1 0.967187 0.462500 0.065625 0.084375
8 0.046875 0.605469 0.043750 0.110937
11 0.140625 0.594531 0.050000 0.073438
2 0.244531 0.603906 0.051562 0.095312
13 0.336719 0.617188 0.060937 0.056250
2 0.408594 0.615625 0.064062 0.100000
7 0.598437 0.613281 0.046875 0.089063
11 0.680469 0.606250 0.048438 0.062500
1 0.770312 0.610156 0.059375 0.076563
13 0.847656 0.614062 0.039062 0.043750
3 0.922656 0.615625 0.054688 0.106250
0 0.043750 0.777344 0.018750 0.089063
9 0.132812 0.753906 0.046875 0.064062
1 0.229687 0.769531 0.062500 0.076563
13 0.330469 0.786719 0.054688 0.042188
2 0.419531 0.773438 0.051562 0.090625
2 0.609375 0.789844 0.065625 0.095312
9 0.675781 0.788281 0.048438 0.070312
6 0.767188 0.796094 0.050000 0.101562
13 0.850000 0.794531 0.050000 0.048438
0 0.902344 0.807813 0.020313 0.106250
14 0.950000 0.805469 0.043750 0.079687
