6 0.075000 0.153125 0.046875 0.087500
9 0.156250 0.153125 0.046875 0.071875
1 0.246094 0.147656 0.054688 0.076563
13 0.331250 0.143750 0.050000 0.034375
8 0.394531 0.160938 0.045312 0.115625
8 0.594531 0.153125 0.042188 0.103125
10 0.666406 0.145313 0.042188 0.018750
5 0.736719 0.142969 0.039062 0.092188
13 0.814063 0.146875 0.046875 0.046875
2 0.878125 0.158594 0.059375 0.095312
3 0.092969 0.310937 0.067187 0.084375
10 0.170313 0.303125 0.043750 0.021875
1 0.246875 0.302344 0.068750 0.070312
13 0.334375 0.299219 0.059375 0.045312
1 0.412500 0.298438 0.065625 0.078125
3 0.599219 0.297656 0.067187 0.110937
9 0.677344 0.289844 0.042188 0.073438
1 0.767969 0.290625 0.067187 0.084375
13 0.839844 0.303906 0.048438 0.045312
5 0.917188 0.302344 0.040625 0.095312
5 0.075781 0.473438 0.039062 0.096875
5 0.610156 0.446875 0.048438 0.103125
10 0.165625 0.469531 0.059375 0.014063
2 0.255469 0.463281 0.060937 0.092188
2 0.427344 0.464844 0.064062 0.079687
2 0.775781 0.445312 0.054688 0.084375
13 0.346875 0.466406 0.056250 0.045312
13 0.858594 0.450781 0.051562 0.042188
13 0.861719 0.592187 0.060937 0.037500
13 0.367969 0.622656 0.048438 0.045312
13 0.378906 0.815625 0.057813 0.043750
13 0.830469 0.807813 0.048438 0.043750
1 0.095312 0.640625 0.068750 0.068750
1 0.294531 0.623437 0.060937 0.078125
1 0.932031 0.453906 0.057813 0.082812
11 0.688281 0.442188 0.051562 0.065625
9 0.690625 0.602344 0.050000 0.085938
9 0.667969 0.817187 0.045312 0.068750
9 0.185156 0.814844 0.054688 0.073438
12 0.190625 0.628125 0.050000 0.062500
3 0.432031 0.629687 0.054688 0.103125
3 0.598437 0.607031 0.059375 0.082812
0 0.767969 0.602344 0.020313 0.095312
7 0.590625 0.814063 0.059375 0.093750
0 0.750781 0.814844 0.017188 0.107813
6 0.069531 0.829688 0.076563 0.090625
0 0.277344 0.821094 0.014063 0.101562
