6 0.090625 0.164844 0.053125 0.082812
9 0.181250 0.165625 0.043750 0.059375
0 0.258594 0.168750 0.014063 0.096875
13 0.321875 0.165625 0.050000 0.037500
7 0.385156 0.168750 0.045312 0.087500
7 0.567969 0.178906 0.045312 0.079687
10 0.633594 0.182812 0.042188 0.012500
5 0.709375 0.174219 0.046875 0.089063
13 0.784375 0.186719 0.043750 0.035937
1 0.841406 0.180469 0.057813 0.070312
7 0.101562 0.321094 0.043750 0.082812
10 0.182031 0.316406 0.051562 0.014063
5 0.263281 0.317969 0.039062 0.089063
13 0.329688 0.321094 0.040625 0.035937
1 0.405469 0.323437 0.067187 0.071875
3 0.564063 0.324219 0.056250 0.089063
11 0.636719 0.321875 0.045312 0.062500
1 0.718750 0.316406 0.053125 0.067187
13 0.782031 0.319531 0.042188 0.039062
1 0.856250 0.326562 0.075000 0.078125
1 0.105469 0.459375 0.064062 0.068750
12 0.196094 0.450000 0.042188 0.053125
1 0.289062 0.456250 0.059375 0.068750
13 0.346094 0.457031 0.039062 0.039062
1 0.441406 0.457031 0.060937 0.082812
1 0.573438 0.450781 0.065625 0.064062
12 0.654687 0.448437 0.046875 0.059375
5 0.731250 0.443750 0.040625 0.096875
13 0.809375 0.453125 0.037500 0.040625
0 0.849219 0.453906 0.017188 0.076563
1 0.904687 0.452344 0.046875 0.073438
8 0.100000 0.598437 0.046875 0.103125
11 0.189062 0.592187 0.053125 0.056250
8 0.275781 0.601562 0.042188 0.109375
13 0.361719 0.599219 0.042188 0.042188
0 0.405469 0.600781 0.017188 0.101562
8 0.566406 0.603906 0.051562 0.101562
11 0.646875 0.589844 0.040625 0.054688
2 0.728906 0.601562 0.045312 0.090625
13 0.813281 0.609375 0.054688 0.046875
2 0.874219 0.608594 0.051562 0.092188
5 0.069531 0.775000 0.039062 0.093750
11 0.176563 0.769531 0.046875 0.054688
1 0.282031 0.771094 0.054688 0.064062
13 0.358594 0.773438 0.042188 0.037500
2 0.433594 0.778906 0.051562 0.082812
3 0.564063 0.771875 0.056250 0.106250
11 0.643750 0.760156 0.050000 0.057813
1 0.725781 0.770312 0.060937 0.071875
13 0.804688 0.771875 0.046875 0.040625
1 0.871094 0.777344 0.064062 0.082812
