1 0.085156 0.200000 0.064062 0.068750
9 0.161719 0.201563 0.045312 0.056250
6 0.096094 0.353906 0.051562 0.085938
2 0.243750 0.211719 0.050000 0.082812
6 0.893750 0.239063 0.040625 0.106250
4 0.410938 0.209375 0.056250 0.081250
13 0.325000 0.209375 0.046875 0.034375
4 0.571875 0.218750 0.065625 0.075000
9 0.651563 0.225000 0.046875 0.068750
1 0.747656 0.225000 0.054688 0.068750
13 0.824219 0.221094 0.042188 0.039062
10 0.175000 0.349219 0.050000 0.014063
3 0.257031 0.361719 0.060937 0.101562
13 0.353125 0.354687 0.053125 0.037500
2 0.432031 0.373437 0.048438 0.112500
3 0.579688 0.365625 0.056250 0.093750
9 0.653125 0.366406 0.043750 0.060937
1 0.743750 0.367969 0.056250 0.064062
13 0.830469 0.366406 0.054688 0.042188
5 0.891406 0.368750 0.035937 0.090625
5 0.079687 0.485156 0.046875 0.098437
10 0.168750 0.489844 0.046875 0.014063
3 0.251563 0.498437 0.068750 0.103125
13 0.350781 0.489063 0.045312 0.043750
1 0.425781 0.492188 0.067187 0.081250
1 0.582031 0.500781 0.070312 0.073438
12 0.659375 0.487500 0.056250 0.068750
3 0.739844 0.495312 0.057813 0.096875
13 0.835156 0.500000 0.057813 0.046875
7 0.903906 0.509375 0.057813 0.096875
8 0.089063 0.641406 0.043750 0.104688
11 0.179688 0.640625 0.043750 0.071875
11 0.256250 0.643750 0.056250 0.090625
13 0.357031 0.634375 0.051562 0.040625
2 0.424219 0.645312 0.070312 0.084375
5 0.575781 0.634375 0.048438 0.103125
11 0.649219 0.635938 0.051562 0.065625
2 0.725000 0.636719 0.046875 0.076563
13 0.810156 0.637500 0.054688 0.043750
1 0.882031 0.642969 0.067187 0.079687
6 0.085156 0.804688 0.051562 0.100000
9 0.173437 0.799219 0.046875 0.079687
0 0.255469 0.796875 0.017188 0.100000
13 0.352344 0.800000 0.054688 0.043750
7 0.417187 0.804688 0.050000 0.093750
7 0.586719 0.799219 0.057813 0.095312
10 0.646875 0.803906 0.043750 0.014063
6 0.720313 0.810156 0.043750 0.104688
13 0.810937 0.814844 0.056250 0.045312
0 0.889062 0.814063 0.025000 0.118750
