14 0.089844 0.112500 0.057813 0.125000
14 0.217969 0.087500 0.048438 0.109375
14 0.396094 0.094531 0.060937 0.079687
14 0.582031 0.092969 0.070312 0.092188
14 0.780469 0.087500 0.076563 0.103125
14 0.969531 0.085938 0.060937 0.128125
14 0.085156 0.247656 0.067187 0.089063
14 0.214062 0.252344 0.065625 0.085938
14 0.391406 0.224219 0.054688 0.123438
14 0.576562 0.246094 0.053125 0.082812
14 0.773438 0.237500 0.075000 0.115625
14 0.958594 0.250000 0.045312 0.078125
14 0.075000 0.382031 0.062500 0.107813
14 0.212500 0.387500 0.043750 0.075000
14 0.382031 0.384375 0.060937 0.121875
14 0.561719 0.390625 0.054688 0.093750
14 0.768750 0.400781 0.065625 0.132812
14 0.934375 0.414062 0.050000 0.090625
14 0.072656 0.542969 0.060937 0.123438
14 0.214062 0.510938 0.050000 0.100000
14 0.375000 0.523438 0.062500 0.109375
14 0.558594 0.521094 0.079687 0.095312
14 0.752344 0.532031 0.098437 0.101562
14 0.920312 0.543750 0.062500 0.109375
14 0.050000 0.710156 0.062500 0.082812
14 0.038281 0.857031 0.060937 0.104688
14 0.203906 0.709375 0.048438 0.071875
14 0.189844 0.853125 0.057813 0.109375
14 0.357812 0.708594 0.046875 0.085938
14 0.334375 0.856250 0.053125 0.090625
14 0.529687 0.693750 0.071875 0.096875
14 0.511719 0.866406 0.060937 0.095312
14 0.722656 0.715625 0.051562 0.096875
14 0.692969 0.876563 0.045312 0.071875
14 0.909375 0.729688 0.071875 0.109375
14 0.898438 0.891406 0.078125 0.110937
