6 0.074219 0.154688 0.042188 0.081250
10 0.159375 0.153906 0.056250 0.026562
2 0.251563 0.167969 0.050000 0.095312
13 0.342969 0.169531 0.035937 0.039062
3 0.425781 0.175000 0.051562 0.081250
3 0.607031 0.186719 0.054688 0.114062
9 0.682813 0.179688 0.050000 0.068750
1 0.763281 0.183594 0.060937 0.082812
13 0.841406 0.178906 0.051562 0.048438
5 0.925781 0.182812 0.042188 0.103125
5 0.069531 0.334375 0.054688 0.115625
9 0.164844 0.346875 0.051562 0.075000
0 0.253125 0.341406 0.015625 0.098437
13 0.351562 0.341406 0.050000 0.048438
6 0.435156 0.350000 0.057813 0.109375
6 0.601562 0.372656 0.050000 0.104688
9 0.687500 0.363281 0.050000 0.073438
0 0.757812 0.364844 0.021875 0.092188
13 0.841406 0.354687 0.057813 0.046875
7 0.907813 0.364844 0.050000 0.101562
8 0.057031 0.502344 0.051562 0.132812
10 0.151562 0.469531 0.053125 0.014063
6 0.250781 0.491406 0.051562 0.098437
13 0.336719 0.492188 0.045312 0.043750
1 0.432812 0.489063 0.068750 0.078125
5 0.608594 0.492188 0.057813 0.106250
10 0.678125 0.495312 0.040625 0.012500
1 0.769531 0.495312 0.067187 0.081250
13 0.844531 0.508594 0.057813 0.045312
3 0.935156 0.517969 0.048438 0.101562
4 0.075000 0.653906 0.068750 0.082812
9 0.164062 0.654687 0.053125 0.081250
1 0.268750 0.655469 0.062500 0.073438
13 0.354687 0.650781 0.059375 0.048438
6 0.436719 0.663281 0.057813 0.110937
6 0.614844 0.658594 0.057813 0.089063
10 0.688281 0.651563 0.051562 0.018750
5 0.763281 0.648438 0.048438 0.093750
13 0.845313 0.670312 0.050000 0.040625
0 0.913281 0.668750 0.023438 0.106250
7 0.049219 0.810156 0.048438 0.098437
11 0.134375 0.808594 0.059375 0.076563
1 0.239844 0.810156 0.060937 0.073438
13 0.341406 0.810937 0.057813 0.040625
3 0.422656 0.818750 0.064062 0.115625
8 0.605469 0.825000 0.051562 0.106250
11 0.679688 0.831250 0.059375 0.081250
2 0.764844 0.850000 0.064062 0.106250
2 0.907813 0.854688 0.068750 0.112500
13 0.839844 0.850000 0.060937 0.043750
