2 0.080469 0.103125 0.048438 0.084375
2 0.089844 0.295312 0.060937 0.093750
2 0.253906 0.431250 0.064062 0.087500
2 0.417969 0.434375 0.064062 0.096875
2 0.265625 0.736719 0.059375 0.092188
2 0.817187 0.124219 0.059375 0.098437
2 0.832812 0.293750 0.053125 0.090625
2 0.723437 0.438281 0.056250 0.095312
2 0.712500 0.879687 0.056250 0.096875
2 0.849219 0.891406 0.060937 0.120313
9 0.146875 0.089063 0.050000 0.062500
9 0.163281 0.284375 0.060937 0.068750
9 0.173437 0.891406 0.059375 0.064062
6 0.221094 0.099219 0.048438 0.079687
13 0.298438 0.094531 0.050000 0.045312
13 0.314844 0.282031 0.057813 0.035937
13 0.335938 0.437500 0.059375 0.046875
13 0.339844 0.583594 0.045312 0.048438
13 0.339062 0.741406 0.053125 0.045312
13 0.340625 0.888281 0.050000 0.042188
13 0.760938 0.113281 0.043750 0.045312
13 0.775781 0.282813 0.045312 0.040625
13 0.800000 0.437500 0.050000 0.037500
13 0.817187 0.586719 0.046875 0.042188
13 0.807031 0.717969 0.048438 0.042188
13 0.789062 0.885938 0.053125 0.040625
0 0.359375 0.107813 0.025000 0.087500
14 0.398438 0.107031 0.043750 0.070312
6 0.553906 0.119531 0.057813 0.085938
10 0.614844 0.110937 0.057813 0.018750
3 0.688281 0.119531 0.054688 0.089063
1 0.242969 0.282813 0.067187 0.081250
4 0.408594 0.289062 0.073438 0.075000
5 0.562500 0.280469 0.053125 0.101562
11 0.626563 0.284375 0.050000 0.075000
1 0.705469 0.284375 0.064062 0.068750
8 0.090625 0.438281 0.056250 0.117188
11 0.178125 0.434375 0.056250 0.068750
5 0.575000 0.420312 0.046875 0.100000
11 0.642969 0.426563 0.057813 0.078125
1 0.872656 0.435156 0.070312 0.085938
7 0.089844 0.582812 0.060937 0.090625
11 0.175781 0.582031 0.054688 0.057813
3 0.257031 0.582031 0.060937 0.089063
1 0.422656 0.580469 0.064062 0.079687
1 0.579688 0.590625 0.065625 0.071875
12 0.659375 0.578906 0.065625 0.057813
4 0.739062 0.582031 0.050000 0.076563
0 0.849219 0.588281 0.017188 0.082812
14 0.889062 0.591406 0.043750 0.070312
5 0.089063 0.735156 0.056250 0.095312
11 0.184375 0.728906 0.062500 0.054688
1 0.435156 0.734375 0.073438 0.078125
1 0.578906 0.721094 0.085938 0.079687
12 0.666406 0.718750 0.057813 0.062500
5 0.735938 0.707812 0.046875 0.100000
0 0.846094 0.723437 0.023438 0.081250
1 0.899219 0.728125 0.070312 0.081250
6 0.078906 0.907031 0.064062 0.089063
1 0.269531 0.888281 0.057813 0.076563
8 0.415625 0.899219 0.056250 0.104688
8 0.562500 0.879687 0.040625 0.109375
11 0.642969 0.864844 0.051562 0.054688
