5 0.077344 0.143750 0.048438 0.100000
10 0.167187 0.135156 0.046875 0.023438
3 0.257031 0.146875 0.051562 0.093750
13 0.346875 0.149219 0.050000 0.048438
13 0.332813 0.308594 0.056250 0.048438
13 0.357031 0.458594 0.057813 0.039062
13 0.362500 0.615625 0.053125 0.040625
13 0.360938 0.791406 0.062500 0.048438
13 0.819531 0.169531 0.045312 0.042188
13 0.820312 0.312500 0.056250 0.034375
13 0.835938 0.459375 0.053125 0.040625
13 0.835156 0.609375 0.060937 0.037500
13 0.835938 0.789844 0.053125 0.039062
1 0.425781 0.148438 0.060937 0.078125
1 0.101562 0.463281 0.062500 0.067187
1 0.276562 0.794531 0.068750 0.085938
1 0.757812 0.461719 0.062500 0.070312
0 0.277344 0.618750 0.029687 0.087500
0 0.869531 0.319531 0.023438 0.101562
0 0.764062 0.792969 0.034375 0.089063
3 0.592969 0.159375 0.060937 0.093750
3 0.427344 0.304688 0.067187 0.084375
3 0.589844 0.310937 0.060937 0.090625
3 0.744531 0.311719 0.064062 0.092188
3 0.904687 0.476562 0.053125 0.112500
9 0.667969 0.163281 0.048438 0.073438
2 0.753906 0.164062 0.045312 0.090625
6 0.887500 0.175000 0.053125 0.112500
6 0.085938 0.317969 0.059375 0.095312
10 0.171094 0.307031 0.057813 0.029687
2 0.255469 0.310937 0.057813 0.090625
11 0.671875 0.302344 0.056250 0.073438
12 0.188281 0.459375 0.048438 0.059375
2 0.271094 0.464062 0.048438 0.093750
5 0.439063 0.453125 0.046875 0.112500
7 0.607031 0.458594 0.073438 0.089063
11 0.678906 0.457031 0.051562 0.070312
6 0.094531 0.628125 0.060937 0.087500
9 0.182812 0.618750 0.046875 0.062500
7 0.435937 0.618750 0.062500 0.100000
8 0.601562 0.619531 0.059375 0.107813
11 0.674219 0.614062 0.054688 0.068750
2 0.758594 0.612500 0.054688 0.100000
2 0.896875 0.621094 0.056250 0.101562
2 0.089844 0.803125 0.060937 0.118750
9 0.175781 0.792188 0.067187 0.078125
4 0.439844 0.799219 0.057813 0.079687
6 0.607031 0.797656 0.060937 0.085938
9 0.671875 0.800000 0.053125 0.075000
7 0.901563 0.805469 0.050000 0.092188
