6 0.105469 0.092969 0.060937 0.092188
10 0.178125 0.088281 0.053125 0.020313
2 0.269531 0.099219 0.067187 0.092188
13 0.352344 0.110156 0.067187 0.045312
3 0.445312 0.097656 0.065625 0.095312
3 0.100781 0.253125 0.067187 0.106250
3 0.292969 0.251563 0.067187 0.115625
3 0.282031 0.594531 0.073438 0.107813
3 0.592969 0.104688 0.064062 0.096875
3 0.750781 0.262500 0.060937 0.109375
3 0.910156 0.416406 0.060937 0.120313
11 0.197656 0.244531 0.064062 0.064062
11 0.196875 0.393750 0.065625 0.068750
11 0.678906 0.573438 0.076563 0.062500
13 0.395313 0.246875 0.068750 0.043750
13 0.374219 0.403125 0.054688 0.050000
13 0.389062 0.594531 0.050000 0.060937
13 0.365625 0.759375 0.062500 0.056250
13 0.801562 0.095312 0.059375 0.043750
13 0.827344 0.262500 0.048438 0.043750
13 0.841406 0.410156 0.051562 0.045312
13 0.835938 0.579688 0.050000 0.050000
13 0.835156 0.740625 0.054688 0.050000
0 0.463281 0.257031 0.029687 0.107813
0 0.877344 0.592187 0.023438 0.134375
0 0.764062 0.732031 0.031250 0.107813
0 0.740625 0.097656 0.028125 0.101562
9 0.678125 0.103906 0.056250 0.073438
9 0.670312 0.260156 0.059375 0.079687
1 0.600781 0.261719 0.067187 0.085938
1 0.613281 0.403906 0.079687 0.076563
1 0.772656 0.402344 0.073438 0.082812
1 0.455469 0.400000 0.076563 0.096875
1 0.472656 0.587500 0.076563 0.090625
1 0.450000 0.757812 0.093750 0.103125
1 0.605469 0.576562 0.070312 0.084375
5 0.085938 0.397656 0.043750 0.107813
5 0.888281 0.264844 0.054688 0.117188
5 0.605469 0.735938 0.057813 0.118750
5 0.887500 0.745313 0.053125 0.112500
5 0.253125 0.764062 0.056250 0.121875
4 0.853125 0.096875 0.056250 0.087500
6 0.071875 0.600000 0.081250 0.096875
7 0.075781 0.763281 0.076563 0.089063
10 0.181250 0.585938 0.065625 0.031250
10 0.158594 0.761719 0.057813 0.032813
12 0.699219 0.742188 0.070312 0.071875
1 0.757031 0.588281 0.070312 0.082812
12 0.682813 0.398438 0.059375 0.065625
2 0.278906 0.401562 0.060937 0.090625
