0 0.275000 0.253906 0.015625 0.104688
1 0.721875 0.111719 0.053125 0.067187
1 0.867969 0.113281 0.070312 0.082812
1 0.747656 0.396875 0.073438 0.078125
2 0.734375 0.260156 0.059375 0.089063
2 0.885156 0.268750 0.064062 0.106250
3 0.477344 0.566406 0.057813 0.101562
5 0.573438 0.393750 0.043750 0.096875
6 0.074219 0.577344 0.073438 0.098437
7 0.063281 0.751563 0.082812 0.109375
8 0.464062 0.759375 0.056250 0.150000
9 0.168750 0.749219 0.065625 0.085938
11 0.189062 0.401562 0.065625 0.065625
11 0.179688 0.109375 0.053125 0.053125
12 0.661719 0.399219 0.051562 0.073438
13 0.344531 0.117188 0.045312 0.037500
7 0.111719 0.110156 0.051562 0.089063
1 0.270313 0.117188 0.059375 0.078125
3 0.429688 0.125000 0.062500 0.118750
3 0.563281 0.124219 0.057813 0.114062
11 0.633594 0.116406 0.051562 0.064062
13 0.794531 0.111719 0.051562 0.042188
3 0.104688 0.258594 0.071875 0.098437
12 0.197656 0.246875 0.045312 0.062500
13 0.362500 0.256250 0.050000 0.046875
3 0.428906 0.264844 0.067187 0.110937
8 0.558594 0.271094 0.051562 0.110937
11 0.642969 0.264062 0.051562 0.065625
13 0.812500 0.271875 0.056250 0.043750
5 0.082812 0.403906 0.053125 0.107813
2 0.282031 0.407813 0.048438 0.087500
13 0.358594 0.410938 0.051562 0.043750
1 0.435156 0.413281 0.060937 0.089063
13 0.830469 0.402344 0.042188 0.032813
0 0.875781 0.406250 0.017188 0.078125
1 0.934375 0.403125 0.065625 0.078125
1 0.907031 0.548438 0.073438 0.087500
1 0.286719 0.571875 0.073438 0.096875
12 0.191406 0.561719 0.051562 0.067187
13 0.374219 0.572656 0.045312 0.039062
7 0.602344 0.560156 0.054688 0.101562
11 0.664844 0.552344 0.051562 0.067187
3 0.747656 0.558594 0.060937 0.101562
13 0.838281 0.550000 0.045312 0.043750
0 0.278125 0.752344 0.015625 0.089063
13 0.384375 0.733594 0.046875 0.042188
8 0.589844 0.743750 0.045312 0.115625
11 0.667969 0.728125 0.048438 0.075000
2 0.749219 0.734375 0.057813 0.109375
13 0.824219 0.732812 0.048438 0.040625
2 0.908594 0.735156 0.070312 0.110937
0 0.427344 0.568750 0.017188 0.106250
