6 0.090625 0.097656 0.046875 0.092188
9 0.175000 0.100781 0.031250 0.064062
1 0.270313 0.103125 0.043750 0.078125
13 0.348438 0.111719 0.040625 0.042188
8 0.420312 0.119531 0.046875 0.114062
8 0.552344 0.135156 0.048438 0.117188
10 0.617188 0.132812 0.040625 0.012500
1 0.682031 0.128125 0.064062 0.071875
13 0.775000 0.128125 0.046875 0.043750
6 0.834375 0.143750 0.040625 0.112500
7 0.117188 0.258594 0.050000 0.073438
10 0.184375 0.256250 0.034375 0.012500
5 0.265625 0.257812 0.040625 0.096875
13 0.342969 0.263281 0.042188 0.039062
1 0.427344 0.271875 0.067187 0.078125
1 0.559375 0.271094 0.059375 0.070312
12 0.628906 0.272656 0.042188 0.051562
3 0.704688 0.281250 0.043750 0.096875
13 0.764062 0.280469 0.034375 0.042188
7 0.807813 0.289844 0.043750 0.079687
8 0.114062 0.399219 0.043750 0.098437
10 0.187500 0.396875 0.043750 0.018750
5 0.258594 0.391406 0.039062 0.104688
13 0.354687 0.404687 0.056250 0.040625
2 0.423438 0.408594 0.062500 0.095312
2 0.567969 0.422656 0.060937 0.095312
12 0.644531 0.428125 0.048438 0.065625
0 0.710938 0.417187 0.012500 0.090625
13 0.778125 0.421094 0.046875 0.048438
2 0.841406 0.427344 0.070312 0.104688
5 0.094531 0.536719 0.051562 0.129688
10 0.185938 0.545312 0.053125 0.018750
5 0.256250 0.538281 0.046875 0.110937
13 0.346094 0.550000 0.042188 0.037500
14 0.417969 0.550000 0.048438 0.068750
14 0.550781 0.561719 0.039062 0.067187
14 0.833594 0.575781 0.035937 0.064062
14 0.099219 0.692187 0.048438 0.084375
14 0.401562 0.703125 0.043750 0.071875
12 0.646094 0.559375 0.045312 0.062500
0 0.708594 0.560156 0.017188 0.095312
13 0.772656 0.565625 0.042188 0.046875
11 0.172656 0.681250 0.048438 0.065625
6 0.246875 0.703906 0.040625 0.101562
13 0.338281 0.700000 0.048438 0.043750
5 0.550781 0.696875 0.045312 0.103125
9 0.623437 0.695312 0.043750 0.062500
2 0.700781 0.717969 0.057813 0.095312
13 0.782031 0.713281 0.054688 0.039062
8 0.841406 0.746094 0.045312 0.123438
8 0.086719 0.848437 0.054688 0.125000
10 0.160938 0.850000 0.050000 0.015625
6 0.250000 0.853906 0.050000 0.095312
13 0.340625 0.856250 0.046875 0.043750
1 0.414062 0.858594 0.062500 0.095312
1 0.550781 0.856250 0.067187 0.084375
9 0.617969 0.857031 0.048438 0.067187
0 0.686719 0.869531 0.023438 0.101562
13 0.756250 0.870313 0.037500 0.034375
1 0.825781 0.888281 0.079687 0.101562
