4 0.134375 0.391406 0.065625 0.089063
12 0.187500 0.397656 0.043750 0.048438
1 0.246875 0.395313 0.053125 0.062500
13 0.337500 0.394531 0.050000 0.035937
0 0.387500 0.394531 0.015625 0.067187
14 0.432031 0.383594 0.039062 0.060937
0 0.120313 0.249219 0.015625 0.073438
11 0.176563 0.251563 0.046875 0.065625
0 0.240625 0.248438 0.015625 0.090625
13 0.328906 0.255469 0.057813 0.042188
0 0.390625 0.253125 0.015625 0.087500
8 0.125000 0.118750 0.040625 0.084375
9 0.182031 0.119531 0.035937 0.057813
1 0.248438 0.117188 0.053125 0.056250
13 0.324219 0.114844 0.045312 0.035937
0 0.392188 0.114062 0.012500 0.075000
0 0.427344 0.116406 0.017188 0.089063
0 0.557031 0.121875 0.017188 0.075000
0 0.585938 0.121094 0.018750 0.092188
10 0.627344 0.114062 0.032813 0.015625
0 0.676562 0.116406 0.015625 0.076563
14 0.712500 0.115625 0.040625 0.062500
13 0.786719 0.113281 0.039062 0.032813
0 0.852344 0.125781 0.017188 0.095312
0 0.539062 0.254688 0.015625 0.078125
14 0.574219 0.256250 0.042188 0.062500
11 0.632812 0.257031 0.043750 0.057813
1 0.702344 0.258594 0.048438 0.064062
13 0.780469 0.261719 0.051562 0.042188
4 0.847656 0.262500 0.051562 0.068750
4 0.580469 0.397656 0.051562 0.060937
11 0.642188 0.396094 0.046875 0.057813
1 0.707812 0.389062 0.050000 0.068750
13 0.785156 0.395313 0.051562 0.037500
1 0.843750 0.392969 0.050000 0.060937
4 0.138281 0.521094 0.048438 0.076563
9 0.200000 0.530469 0.040625 0.057813
1 0.263281 0.530469 0.042188 0.060937
13 0.342187 0.520312 0.040625 0.040625
13 0.793750 0.526563 0.050000 0.043750
13 0.353906 0.646094 0.057813 0.039062
13 0.799219 0.643750 0.048438 0.043750
13 0.819531 0.800000 0.048438 0.037500
13 0.355469 0.782813 0.054688 0.031250
6 0.405469 0.526563 0.042188 0.087500
5 0.578125 0.517188 0.043750 0.084375
11 0.636719 0.519531 0.039062 0.054688
2 0.699219 0.527344 0.042188 0.082812
1 0.857031 0.532813 0.051562 0.068750
1 0.139844 0.656250 0.064062 0.059375
9 0.197656 0.651563 0.042188 0.046875
0 0.265625 0.653906 0.021875 0.098437
2 0.407031 0.651563 0.045312 0.078125
0 0.587500 0.639844 0.025000 0.085938
12 0.660937 0.639062 0.046875 0.059375
3 0.726562 0.636719 0.050000 0.082812
3 0.857812 0.654687 0.040625 0.081250
3 0.589063 0.781250 0.050000 0.087500
12 0.675000 0.790625 0.040625 0.056250
3 0.735938 0.797656 0.050000 0.098437
0 0.854688 0.804688 0.018750 0.081250
5 0.893750 0.802344 0.031250 0.082812
0 0.402344 0.795312 0.026562 0.087500
1 0.267188 0.791406 0.056250 0.067187
10 0.203906 0.800000 0.057813 0.015625
2 0.138281 0.807031 0.051562 0.079687
