8 0.113281 0.070312 0.045312 0.103125
10 0.189844 0.064844 0.035937 0.017188
6 0.272656 0.071094 0.042188 0.092188
13 0.355469 0.082812 0.048438 0.043750
1 0.444531 0.082031 0.076563 0.076563
1 0.628906 0.080469 0.067187 0.085938
12 0.710938 0.078906 0.059375 0.067187
14 0.804688 0.061719 0.053125 0.082812
13 0.882812 0.075000 0.056250 0.043750
14 0.944531 0.079687 0.039062 0.078125
6 0.094531 0.240625 0.060937 0.096875
10 0.180469 0.226562 0.057813 0.015625
5 0.270313 0.222656 0.043750 0.098437
13 0.357812 0.225781 0.043750 0.035937
0 0.426563 0.221094 0.025000 0.095312
1 0.635938 0.217969 0.071875 0.070312
12 0.718750 0.211719 0.056250 0.064062
1 0.807031 0.209375 0.060937 0.081250
13 0.887500 0.214062 0.053125 0.040625
3 0.967187 0.217969 0.050000 0.114062
3 0.096875 0.384375 0.065625 0.106250
9 0.180469 0.379688 0.048438 0.078125
6 0.275000 0.386719 0.050000 0.104688
13 0.355469 0.375781 0.048438 0.032813
0 0.407813 0.382031 0.015625 0.107813
0 0.446875 0.373437 0.018750 0.103125
1 0.627344 0.364844 0.076563 0.082812
12 0.714063 0.355469 0.056250 0.076563
3 0.800000 0.363281 0.062500 0.110937
13 0.890625 0.359375 0.046875 0.040625
7 0.948438 0.368750 0.046875 0.087500
6 0.075000 0.560156 0.053125 0.092188
10 0.160938 0.549219 0.056250 0.014063
3 0.248438 0.556250 0.056250 0.115625
13 0.353906 0.550781 0.051562 0.048438
2 0.425000 0.549219 0.062500 0.104688
2 0.618750 0.531250 0.065625 0.103125
9 0.701562 0.528125 0.050000 0.090625
3 0.785937 0.530469 0.059375 0.110937
13 0.867969 0.528125 0.042188 0.043750
6 0.939844 0.538281 0.054688 0.114062
6 0.061719 0.758594 0.073438 0.092188
10 0.171094 0.743750 0.064062 0.018750
2 0.254688 0.733594 0.056250 0.101562
13 0.339062 0.735938 0.046875 0.043750
3 0.409375 0.747656 0.071875 0.126562
1 0.623437 0.717969 0.075000 0.073438
11 0.703906 0.714063 0.051562 0.071875
0 0.765625 0.726562 0.018750 0.115625
13 0.855469 0.728125 0.054688 0.050000
1 0.938281 0.732031 0.076563 0.107813
