3 0.081250 0.117188 0.062500 0.112500
9 0.171875 0.103906 0.050000 0.070312
1 0.267188 0.112500 0.056250 0.078125
1 0.754687 0.113281 0.065625 0.079687
1 0.753906 0.265625 0.067187 0.071875
1 0.446094 0.276562 0.070312 0.084375
1 0.430469 0.595313 0.064062 0.078125
1 0.610156 0.596094 0.070312 0.073438
1 0.919531 0.794531 0.073438 0.085938
13 0.352344 0.115625 0.057813 0.040625
13 0.833594 0.113281 0.048438 0.035937
13 0.360156 0.278125 0.045312 0.050000
13 0.359375 0.436719 0.046875 0.048438
13 0.363281 0.596875 0.051562 0.040625
13 0.321094 0.805469 0.051562 0.039062
13 0.825781 0.273438 0.054688 0.050000
13 0.835156 0.427344 0.054688 0.048438
13 0.835938 0.600781 0.046875 0.045312
13 0.836719 0.796094 0.048438 0.032813
5 0.439063 0.108594 0.040625 0.092188
5 0.588281 0.108594 0.039062 0.092188
9 0.666406 0.112500 0.042188 0.068750
7 0.897656 0.121875 0.060937 0.096875
7 0.057813 0.285156 0.075000 0.095312
11 0.166406 0.278906 0.057813 0.067187
3 0.263281 0.285156 0.060937 0.089063
7 0.597656 0.267188 0.060937 0.084375
11 0.672656 0.269531 0.048438 0.064062
3 0.894531 0.280469 0.060937 0.110937
5 0.051562 0.428906 0.046875 0.114062
10 0.155469 0.420312 0.057813 0.021875
2 0.248438 0.435156 0.056250 0.095312
2 0.442969 0.430469 0.064062 0.104688
2 0.764062 0.426563 0.050000 0.093750
3 0.607031 0.427344 0.067187 0.120313
9 0.686719 0.418750 0.045312 0.062500
6 0.903906 0.432812 0.045312 0.106250
7 0.054688 0.603125 0.065625 0.093750
11 0.148438 0.603906 0.056250 0.070312
3 0.245312 0.604688 0.056250 0.093750
12 0.689844 0.585938 0.048438 0.075000
6 0.770312 0.600781 0.046875 0.107813
0 0.882812 0.596094 0.018750 0.098437
3 0.922656 0.610156 0.045312 0.114062
6 0.042969 0.823438 0.064062 0.078125
9 0.140625 0.803125 0.053125 0.078125
5 0.232031 0.796094 0.039062 0.095312
0 0.371094 0.812500 0.017188 0.093750
2 0.428125 0.818750 0.043750 0.090625
0 0.562500 0.794531 0.015625 0.079687
1 0.619531 0.797656 0.051562 0.079687
11 0.690625 0.793750 0.046875 0.059375
5 0.767188 0.785937 0.046875 0.096875
