8 0.105469 0.153906 0.051562 0.104688
2 0.274219 0.160938 0.051562 0.084375
2 0.428125 0.160938 0.059375 0.090625
2 0.584375 0.160156 0.046875 0.089063
2 0.424219 0.436719 0.054688 0.085938
2 0.273438 0.593750 0.050000 0.090625
2 0.431250 0.597656 0.053125 0.101562
2 0.768750 0.764062 0.050000 0.103125
9 0.642969 0.159375 0.042188 0.065625
9 0.662500 0.434375 0.043750 0.065625
3 0.728125 0.168750 0.053125 0.090625
13 0.353906 0.159375 0.057813 0.034375
13 0.361719 0.292187 0.042188 0.037500
13 0.346094 0.435937 0.039062 0.043750
13 0.360156 0.588281 0.060937 0.048438
13 0.357812 0.765625 0.050000 0.050000
13 0.846094 0.768750 0.051562 0.043750
13 0.839844 0.607812 0.045312 0.040625
13 0.824219 0.441406 0.051562 0.045312
13 0.813281 0.309375 0.042188 0.046875
13 0.806250 0.164844 0.043750 0.039062
6 0.878125 0.160938 0.037500 0.087500
7 0.103906 0.297656 0.042188 0.076563
11 0.184375 0.289844 0.053125 0.060937
3 0.271094 0.302344 0.057813 0.085938
11 0.191406 0.146875 0.057813 0.062500
11 0.664062 0.305469 0.053125 0.067187
11 0.180469 0.432812 0.051562 0.059375
11 0.182031 0.585156 0.051562 0.057813
11 0.175000 0.750781 0.050000 0.070312
11 0.686719 0.759375 0.054688 0.071875
7 0.591406 0.305469 0.054688 0.089063
1 0.736719 0.308594 0.054688 0.070312
3 0.884375 0.311719 0.059375 0.101562
1 0.431250 0.300781 0.071875 0.070312
5 0.097656 0.432031 0.054688 0.095312
1 0.270313 0.435937 0.068750 0.075000
3 0.592187 0.439844 0.062500 0.104688
4 0.750000 0.436719 0.053125 0.082812
8 0.887500 0.465625 0.046875 0.128125
8 0.085156 0.597656 0.048438 0.107813
7 0.073438 0.766406 0.065625 0.095312
1 0.275781 0.764844 0.067187 0.079687
3 0.443750 0.767969 0.062500 0.107813
5 0.597656 0.760156 0.054688 0.107813
2 0.592969 0.605469 0.057813 0.092188
12 0.681250 0.599219 0.043750 0.060937
3 0.753125 0.609375 0.056250 0.109375
0 0.890625 0.617188 0.021875 0.100000
1 0.942969 0.610156 0.054688 0.073438
1 0.921875 0.767969 0.059375 0.085938
