14 0.124219 0.150781 0.060937 0.123438
14 0.275781 0.132031 0.051562 0.089063
14 0.435937 0.117188 0.062500 0.118750
14 0.596094 0.119531 0.054688 0.117188
14 0.742188 0.114062 0.053125 0.103125
14 0.884375 0.117188 0.065625 0.118750
14 0.118750 0.283594 0.056250 0.085938
14 0.277344 0.278906 0.048438 0.064062
14 0.445312 0.257812 0.059375 0.100000
14 0.595313 0.250781 0.034375 0.057813
14 0.744531 0.258594 0.051562 0.079687
14 0.885156 0.269531 0.067187 0.107813
14 0.103906 0.411719 0.057813 0.101562
14 0.264062 0.417187 0.046875 0.078125
14 0.448437 0.420312 0.062500 0.093750
14 0.594531 0.385156 0.032813 0.054688
14 0.746094 0.415625 0.064062 0.100000
14 0.881250 0.422656 0.050000 0.070312
14 0.092969 0.558594 0.057813 0.104688
14 0.260937 0.556250 0.059375 0.100000
14 0.440625 0.545312 0.065625 0.100000
14 0.592969 0.540625 0.054688 0.109375
14 0.753906 0.550781 0.054688 0.089063
14 0.894531 0.545312 0.054688 0.106250
14 0.077344 0.685937 0.064062 0.100000
14 0.242188 0.696875 0.050000 0.081250
14 0.434375 0.704688 0.078125 0.100000
14 0.577344 0.689063 0.057813 0.103125
14 0.750000 0.698438 0.056250 0.106250
14 0.885156 0.706250 0.054688 0.103125
14 0.894531 0.868750 0.082812 0.134375
14 0.749219 0.860938 0.067187 0.112500
14 0.582031 0.876563 0.064062 0.103125
14 0.423438 0.862500 0.040625 0.075000
14 0.229687 0.862500 0.062500 0.096875
14 0.059375 0.860156 0.062500 0.110937
