6 0.100000 0.161719 0.046875 0.089063
9 0.189062 0.160156 0.053125 0.073438
2 0.283594 0.167969 0.051562 0.089063
13 0.372656 0.160938 0.048438 0.043750
0 0.417187 0.165625 0.012500 0.081250
14 0.464062 0.176563 0.040625 0.075000
0 0.583594 0.173437 0.020313 0.075000
0 0.621094 0.170313 0.017188 0.090625
9 0.674219 0.167187 0.054688 0.065625
1 0.760156 0.172656 0.060937 0.079687
13 0.824219 0.176563 0.048438 0.046875
0 0.876563 0.165625 0.021875 0.087500
2 0.924219 0.179688 0.051562 0.106250
0 0.048438 0.285156 0.021875 0.073438
1 0.115625 0.287500 0.053125 0.096875
10 0.196875 0.284375 0.059375 0.021875
2 0.276562 0.296875 0.056250 0.093750
13 0.360938 0.291406 0.040625 0.042188
0 0.426563 0.307812 0.018750 0.090625
14 0.472656 0.300000 0.048438 0.075000
6 0.592187 0.307812 0.056250 0.078125
10 0.668750 0.303125 0.046875 0.015625
3 0.732031 0.312500 0.051562 0.093750
13 0.818750 0.307812 0.059375 0.040625
2 0.890625 0.312500 0.068750 0.100000
5 0.098437 0.410156 0.046875 0.101562
11 0.189062 0.405469 0.043750 0.067187
1 0.280469 0.407813 0.064062 0.071875
13 0.373437 0.410938 0.053125 0.040625
2 0.460156 0.421094 0.073438 0.092188
2 0.621875 0.433594 0.062500 0.092188
9 0.695312 0.433594 0.053125 0.067187
1 0.776563 0.431250 0.071875 0.071875
13 0.845313 0.432031 0.043750 0.039062
4 0.919531 0.446094 0.067187 0.079687
6 0.072656 0.543750 0.057813 0.090625
10 0.163281 0.530469 0.042188 0.020313
3 0.264844 0.530469 0.060937 0.101562
13 0.351562 0.539062 0.050000 0.046875
2 0.425781 0.551562 0.073438 0.103125
1 0.614062 0.551562 0.068750 0.084375
11 0.696094 0.553906 0.054688 0.064062
5 0.768750 0.555469 0.050000 0.107813
13 0.843750 0.569531 0.046875 0.032813
0 0.888281 0.564844 0.017188 0.098437
1 0.949219 0.572656 0.070312 0.089063
0 0.038281 0.689063 0.020313 0.084375
2 0.100781 0.689063 0.048438 0.090625
9 0.174219 0.686719 0.045312 0.067187
1 0.271094 0.686719 0.057813 0.073438
13 0.341406 0.694531 0.051562 0.042188
0 0.425000 0.697656 0.015625 0.089063
4 0.484375 0.686719 0.046875 0.082812
6 0.616406 0.698438 0.054688 0.093750
9 0.684375 0.692187 0.050000 0.065625
1 0.775781 0.696094 0.067187 0.079687
8 0.909375 0.707812 0.050000 0.128125
13 0.846875 0.697656 0.059375 0.048438
13 0.838281 0.843750 0.057813 0.050000
13 0.317969 0.841406 0.051562 0.042188
4 0.056250 0.836719 0.059375 0.082812
10 0.148438 0.835938 0.046875 0.015625
1 0.239063 0.839844 0.068750 0.076563
2 0.415625 0.846094 0.071875 0.095312
2 0.600781 0.848437 0.060937 0.106250
2 0.910156 0.862500 0.067187 0.115625
12 0.675781 0.839844 0.057813 0.073438
0 0.760156 0.838281 0.020313 0.104688
