5 0.053125 0.092188 0.050000 0.118750
9 0.150000 0.094531 0.050000 0.076563
1 0.257031 0.101562 0.060937 0.081250
13 0.346875 0.110156 0.053125 0.054688
7 0.438281 0.107813 0.067187 0.106250
7 0.593750 0.113281 0.056250 0.095312
9 0.679688 0.116406 0.053125 0.082812
0 0.750781 0.113281 0.020313 0.095312
13 0.836719 0.108594 0.048438 0.035937
8 0.915625 0.125781 0.053125 0.126562
8 0.053906 0.274219 0.057813 0.123438
11 0.157031 0.261719 0.051562 0.076563
2 0.263281 0.271875 0.060937 0.121875
13 0.360938 0.265625 0.056250 0.050000
2 0.432812 0.267969 0.075000 0.110937
1 0.606250 0.275000 0.068750 0.090625
12 0.683594 0.266406 0.057813 0.057813
3 0.762500 0.275781 0.046875 0.114062
13 0.842969 0.275781 0.051562 0.045312
7 0.904687 0.296875 0.050000 0.090625
4 0.074219 0.441406 0.060937 0.101562
10 0.167969 0.445312 0.057813 0.018750
2 0.257812 0.439844 0.056250 0.098437
13 0.352344 0.445312 0.067187 0.050000
1 0.436719 0.438281 0.082812 0.095312
0 0.573438 0.429688 0.018750 0.103125
14 0.621094 0.438281 0.045312 0.076563
11 0.705469 0.439063 0.042188 0.078125
4 0.788281 0.434375 0.054688 0.090625
13 0.873437 0.437500 0.043750 0.037500
1 0.935156 0.434375 0.067187 0.078125
6 0.044531 0.652344 0.073438 0.089063
10 0.168750 0.619531 0.053125 0.014063
3 0.255469 0.621875 0.064062 0.112500
13 0.339062 0.621875 0.043750 0.056250
2 0.437500 0.632031 0.065625 0.104688
2 0.603906 0.617188 0.057813 0.096875
12 0.689844 0.625000 0.051562 0.062500
1 0.780469 0.615625 0.070312 0.090625
13 0.853125 0.610156 0.046875 0.048438
5 0.924219 0.605469 0.045312 0.104688
7 0.047656 0.814063 0.057813 0.106250
11 0.143750 0.805469 0.056250 0.079687
1 0.262500 0.795312 0.068750 0.084375
13 0.362500 0.795312 0.053125 0.050000
3 0.453906 0.804688 0.073438 0.125000
8 0.613281 0.810156 0.054688 0.129688
11 0.690625 0.789062 0.053125 0.071875
2 0.793750 0.795312 0.062500 0.115625
13 0.871875 0.786719 0.059375 0.045312
2 0.933594 0.798438 0.085938 0.121875
