8 0.074219 0.112500 0.054688 0.103125
10 0.145313 0.103906 0.053125 0.020313
6 0.244531 0.117188 0.042188 0.106250
13 0.340625 0.112500 0.056250 0.043750
1 0.432812 0.115625 0.075000 0.093750
1 0.611719 0.110156 0.076563 0.076563
9 0.700781 0.105469 0.045312 0.079687
5 0.786719 0.093750 0.042188 0.096875
13 0.866406 0.101562 0.048438 0.050000
7 0.935156 0.107813 0.060937 0.093750
8 0.080469 0.271094 0.054688 0.117188
10 0.160938 0.264844 0.040625 0.017188
7 0.242188 0.265625 0.056250 0.100000
13 0.355469 0.260937 0.048438 0.037500
0 0.410938 0.262500 0.018750 0.109375
5 0.610156 0.239844 0.048438 0.123438
9 0.691406 0.245312 0.045312 0.071875
4 0.777344 0.250000 0.064062 0.087500
13 0.889844 0.242969 0.060937 0.045312
0 0.950000 0.258594 0.031250 0.110937
1 0.084375 0.432812 0.078125 0.093750
9 0.175781 0.424219 0.051562 0.104688
5 0.256250 0.414844 0.040625 0.117188
13 0.348438 0.420312 0.053125 0.043750
7 0.413281 0.427344 0.064062 0.098437
7 0.607031 0.421875 0.079687 0.112500
11 0.690625 0.421875 0.056250 0.075000
3 0.767188 0.425000 0.053125 0.115625
13 0.861719 0.411719 0.048438 0.045312
1 0.935156 0.419531 0.073438 0.101562
1 0.078906 0.567187 0.076563 0.084375
11 0.172656 0.555469 0.057813 0.060937
0 0.239844 0.567969 0.014063 0.120313
13 0.350000 0.562500 0.043750 0.040625
1 0.414844 0.560156 0.073438 0.092188
2 0.607031 0.578906 0.073438 0.101562
9 0.696094 0.573438 0.054688 0.081250
5 0.771094 0.566406 0.045312 0.120313
13 0.856250 0.575781 0.046875 0.051562
8 0.924219 0.606250 0.051562 0.137500
0 0.024219 0.757031 0.017188 0.089063
9 0.147656 0.746875 0.051562 0.071875
7 0.250000 0.747656 0.068750 0.098437
13 0.336719 0.753125 0.051562 0.043750
8 0.402344 0.758594 0.042188 0.132812
0 0.570312 0.739844 0.018750 0.085938
14 0.619531 0.741406 0.054688 0.073438
10 0.703906 0.739062 0.051562 0.021875
6 0.774219 0.758594 0.045312 0.101562
13 0.847656 0.767188 0.051562 0.050000
2 0.915625 0.774219 0.062500 0.117188
