8 0.105469 0.144531 0.057813 0.110937
10 0.200000 0.132031 0.056250 0.014063
5 0.271875 0.132812 0.046875 0.112500
13 0.353906 0.135156 0.051562 0.045312
2 0.430469 0.133594 0.057813 0.104688
2 0.609375 0.132031 0.059375 0.095312
10 0.686719 0.126562 0.048438 0.015625
1 0.748437 0.121094 0.062500 0.079687
13 0.835156 0.120313 0.045312 0.046875
0 0.891406 0.140625 0.026562 0.131250
0 0.071094 0.285156 0.017188 0.107813
12 0.162500 0.286719 0.053125 0.073438
6 0.265625 0.298438 0.050000 0.109375
13 0.352344 0.290625 0.054688 0.050000
6 0.440625 0.289062 0.053125 0.112500
7 0.618750 0.292187 0.059375 0.103125
11 0.708594 0.278906 0.060937 0.076563
1 0.796094 0.285156 0.064062 0.089063
13 0.873437 0.279687 0.043750 0.043750
3 0.942187 0.300000 0.056250 0.143750
5 0.071875 0.428906 0.059375 0.120313
11 0.167969 0.428906 0.048438 0.067187
2 0.261719 0.434375 0.064062 0.090625
13 0.350000 0.428125 0.046875 0.043750
1 0.442969 0.429688 0.073438 0.087500
1 0.613281 0.411719 0.064062 0.079687
11 0.695312 0.415625 0.053125 0.071875
0 0.775781 0.415625 0.017188 0.115625
13 0.857812 0.417187 0.037500 0.050000
1 0.937500 0.426563 0.075000 0.078125
6 0.058594 0.598437 0.073438 0.106250
9 0.158594 0.589844 0.045312 0.073438
0 0.258594 0.578906 0.020313 0.092188
13 0.339062 0.573438 0.053125 0.056250
7 0.435156 0.583594 0.064062 0.092188
7 0.619531 0.578906 0.073438 0.107813
9 0.704688 0.572656 0.046875 0.070312
1 0.795312 0.582031 0.075000 0.082812
13 0.877344 0.579688 0.060937 0.040625
0 0.921094 0.585938 0.020313 0.081250
14 0.955469 0.587500 0.051562 0.075000
7 0.052344 0.760156 0.073438 0.123438
9 0.155469 0.758594 0.051562 0.082812
0 0.237500 0.749219 0.015625 0.114062
13 0.322656 0.744531 0.048438 0.051562
8 0.405469 0.764062 0.057813 0.140625
8 0.612500 0.752344 0.059375 0.126562
11 0.682031 0.742969 0.045312 0.079687
2 0.770312 0.758594 0.059375 0.117188
13 0.850000 0.747656 0.056250 0.045312
2 0.932031 0.760938 0.054688 0.125000
