1 0.075000 0.085938 0.056250 0.065625
9 0.146875 0.091406 0.040625 0.064062
1 0.235156 0.094531 0.051562 0.064062
13 0.312500 0.103906 0.050000 0.045312
3 0.375781 0.103906 0.054688 0.089063
7 0.495312 0.110937 0.053125 0.081250
10 0.551562 0.113281 0.040625 0.014063
5 0.608594 0.111719 0.039062 0.092188
13 0.677344 0.110156 0.042188 0.032813
1 0.739844 0.109375 0.057813 0.075000
1 0.075000 0.232031 0.065625 0.067187
12 0.158594 0.238281 0.057813 0.082812
0 0.240625 0.239844 0.015625 0.085938
13 0.312500 0.246094 0.053125 0.045312
1 0.387500 0.242969 0.071875 0.079687
1 0.510156 0.241406 0.064062 0.064062
12 0.578125 0.235937 0.053125 0.062500
2 0.640625 0.249219 0.050000 0.085938
13 0.723437 0.243750 0.056250 0.034375
5 0.785937 0.235937 0.046875 0.106250
6 0.084375 0.385937 0.053125 0.071875
9 0.165625 0.387500 0.043750 0.071875
1 0.249219 0.389062 0.054688 0.071875
13 0.332813 0.386719 0.056250 0.042188
8 0.394531 0.398438 0.042188 0.096875
8 0.524219 0.395313 0.045312 0.093750
11 0.597656 0.389844 0.042188 0.060937
2 0.676562 0.398438 0.046875 0.096875
13 0.739062 0.399219 0.050000 0.039062
2 0.804688 0.397656 0.056250 0.101562
3 0.080469 0.532031 0.054688 0.089063
9 0.166406 0.533594 0.042188 0.064062
1 0.256250 0.535156 0.068750 0.067187
13 0.334375 0.536719 0.050000 0.035937
5 0.407031 0.540625 0.048438 0.103125
2 0.542969 0.550000 0.057813 0.096875
11 0.612500 0.541406 0.050000 0.070312
2 0.689063 0.546094 0.053125 0.101562
13 0.757031 0.539062 0.048438 0.040625
0 0.801562 0.542969 0.015625 0.104688
5 0.071875 0.686719 0.046875 0.107813
10 0.155469 0.682031 0.045312 0.017188
1 0.241406 0.680469 0.076563 0.082812
13 0.325000 0.689844 0.056250 0.039062
3 0.404687 0.689063 0.056250 0.109375
6 0.546875 0.693750 0.050000 0.084375
10 0.618750 0.683594 0.040625 0.020313
2 0.685937 0.692969 0.053125 0.089063
13 0.761719 0.696094 0.048438 0.042188
3 0.825000 0.721094 0.062500 0.139063
6 0.070312 0.844531 0.046875 0.098437
9 0.159375 0.836719 0.046875 0.067187
0 0.244531 0.848437 0.014063 0.115625
13 0.308594 0.837500 0.045312 0.043750
7 0.388281 0.850781 0.064062 0.085938
7 0.541406 0.863281 0.057813 0.092188
11 0.608594 0.860938 0.051562 0.068750
1 0.683594 0.863281 0.064062 0.076563
13 0.750781 0.867188 0.054688 0.040625
3 0.833594 0.885938 0.067187 0.131250
