5 0.057813 0.132812 0.053125 0.103125
9 0.133594 0.129688 0.042188 0.078125
1 0.228125 0.128906 0.056250 0.082812
13 0.307812 0.130469 0.053125 0.042188
7 0.382812 0.137500 0.062500 0.096875
7 0.570312 0.143750 0.050000 0.100000
10 0.646875 0.147656 0.053125 0.014063
5 0.725781 0.130469 0.045312 0.110937
13 0.793750 0.143750 0.050000 0.040625
1 0.882031 0.150000 0.085938 0.100000
6 0.070312 0.335156 0.059375 0.085938
9 0.164062 0.327344 0.053125 0.070312
0 0.257812 0.325781 0.012500 0.101562
13 0.335938 0.325781 0.053125 0.048438
7 0.410938 0.337500 0.062500 0.100000
7 0.582031 0.333594 0.067187 0.101562
11 0.660937 0.324219 0.059375 0.067187
1 0.742188 0.324219 0.059375 0.079687
13 0.821094 0.326562 0.054688 0.050000
3 0.897656 0.350781 0.054688 0.117188
8 0.082812 0.480469 0.056250 0.126562
11 0.178125 0.478125 0.056250 0.078125
2 0.267969 0.476562 0.054688 0.109375
13 0.350000 0.482031 0.046875 0.039062
2 0.432031 0.479687 0.060937 0.109375
2 0.589844 0.486719 0.064062 0.101562
2 0.750000 0.491406 0.053125 0.104688
11 0.664062 0.485156 0.040625 0.060937
13 0.832031 0.488281 0.051562 0.042188
0 0.879687 0.503125 0.018750 0.115625
0 0.077344 0.671875 0.017188 0.115625
12 0.170313 0.672656 0.059375 0.085938
8 0.253906 0.664844 0.045312 0.114062
13 0.346094 0.658594 0.054688 0.039062
8 0.425000 0.669531 0.053125 0.135937
1 0.585938 0.659375 0.071875 0.078125
12 0.672656 0.650781 0.051562 0.067187
8 0.743750 0.663281 0.050000 0.120313
13 0.823438 0.665625 0.059375 0.043750
0 0.886719 0.668750 0.020313 0.100000
7 0.951562 0.679688 0.056250 0.090625
6 0.075781 0.837500 0.051562 0.115625
10 0.153125 0.829688 0.056250 0.021875
6 0.231250 0.835938 0.043750 0.103125
13 0.339062 0.834375 0.056250 0.050000
14 0.404687 0.843750 0.043750 0.084375
14 0.567187 0.834375 0.056250 0.084375
12 0.649219 0.838281 0.054688 0.073438
1 0.731250 0.827344 0.071875 0.089063
13 0.798438 0.843750 0.059375 0.043750
14 0.867188 0.850000 0.043750 0.075000
