6 0.107031 0.108594 0.045312 0.098437
10 0.176563 0.095312 0.034375 0.021875
6 0.246094 0.096094 0.045312 0.089063
13 0.329688 0.095312 0.037500 0.034375
14 0.398438 0.104688 0.043750 0.081250
7 0.553906 0.096875 0.064062 0.093750
10 0.612500 0.094531 0.034375 0.014063
6 0.661719 0.103125 0.042188 0.103125
13 0.744531 0.097656 0.042188 0.048438
0 0.810937 0.100781 0.021875 0.114062
0 0.102344 0.253906 0.020313 0.089063
12 0.195312 0.252344 0.050000 0.067187
3 0.267969 0.261719 0.048438 0.098437
13 0.359375 0.244531 0.046875 0.042188
4 0.427344 0.256250 0.070312 0.100000
5 0.573438 0.242188 0.053125 0.109375
10 0.637500 0.250000 0.046875 0.015625
3 0.707812 0.253125 0.056250 0.100000
13 0.799219 0.246875 0.051562 0.034375
1 0.861719 0.252344 0.067187 0.098437
1 0.119531 0.400781 0.085938 0.082812
12 0.203125 0.394531 0.037500 0.057813
3 0.269531 0.415625 0.057813 0.109375
13 0.370312 0.398438 0.050000 0.046875
7 0.426563 0.409375 0.046875 0.096875
7 0.568750 0.399219 0.065625 0.104688
10 0.650781 0.403906 0.045312 0.017188
1 0.726562 0.400000 0.062500 0.084375
13 0.800781 0.397656 0.057813 0.048438
5 0.878125 0.393750 0.040625 0.109375
6 0.095312 0.573438 0.050000 0.078125
10 0.175781 0.565625 0.039062 0.018750
1 0.253125 0.571875 0.065625 0.075000
13 0.357812 0.557813 0.050000 0.050000
4 0.434375 0.567187 0.062500 0.081250
7 0.586719 0.563281 0.048438 0.082812
11 0.667188 0.550000 0.059375 0.068750
1 0.749219 0.552344 0.057813 0.076563
13 0.822656 0.556250 0.051562 0.043750
3 0.887500 0.567969 0.053125 0.117188
4 0.113281 0.735156 0.060937 0.104688
10 0.194531 0.739844 0.051562 0.017188
2 0.266406 0.733594 0.054688 0.092188
13 0.353125 0.737500 0.065625 0.043750
1 0.442969 0.734375 0.082812 0.096875
7 0.594531 0.724219 0.054688 0.101562
12 0.682031 0.724219 0.051562 0.064062
0 0.747656 0.718750 0.017188 0.106250
13 0.822656 0.721875 0.048438 0.040625
7 0.875781 0.741406 0.048438 0.101562
8 0.102344 0.891406 0.054688 0.120313
10 0.182031 0.889844 0.051562 0.017188
6 0.259375 0.889062 0.053125 0.103125
13 0.359375 0.886719 0.056250 0.048438
1 0.442188 0.885156 0.084375 0.082812
3 0.598437 0.896094 0.065625 0.107813
3 0.682031 0.891406 0.051562 0.067187
3 0.760156 0.903906 0.067187 0.120313
13 0.835938 0.898438 0.046875 0.040625
0 0.877344 0.916406 0.023438 0.126562
