0 0.050781 0.095312 0.017188 0.093750
8 0.087500 0.095312 0.037500 0.084375
10 0.157812 0.101562 0.046875 0.015625
0 0.215625 0.102344 0.031250 0.095312
1 0.259375 0.101562 0.040625 0.078125
13 0.331250 0.115625 0.050000 0.043750
3 0.416406 0.128906 0.051562 0.107813
3 0.579688 0.133594 0.050000 0.092188
11 0.639844 0.135156 0.039062 0.064062
1 0.721094 0.138281 0.060937 0.082812
13 0.791406 0.131250 0.054688 0.037500
1 0.867969 0.135937 0.067187 0.081250
7 0.071094 0.259375 0.060937 0.078125
0 0.118750 0.260156 0.025000 0.092188
11 0.181250 0.261719 0.043750 0.067187
8 0.249219 0.269531 0.048438 0.101562
13 0.346094 0.268750 0.054688 0.040625
8 0.411719 0.278125 0.042188 0.112500
8 0.590625 0.276562 0.043750 0.118750
11 0.640625 0.271094 0.050000 0.064062
2 0.710156 0.281250 0.051562 0.087500
13 0.796094 0.280469 0.048438 0.035937
2 0.845313 0.284375 0.065625 0.087500
2 0.080469 0.389844 0.048438 0.076563
9 0.129688 0.396094 0.043750 0.060937
3 0.204687 0.400000 0.056250 0.093750
13 0.316406 0.390625 0.057813 0.043750
6 0.392969 0.402344 0.048438 0.104688
6 0.575781 0.407813 0.039062 0.071875
9 0.630469 0.407813 0.045312 0.065625
6 0.702344 0.422656 0.048438 0.101562
13 0.780469 0.421094 0.051562 0.042188
0 0.831250 0.415625 0.012500 0.087500
3 0.882812 0.431250 0.043750 0.093750
4 0.089063 0.556250 0.056250 0.084375
9 0.150781 0.557813 0.045312 0.059375
4 0.203125 0.571875 0.046875 0.071875
13 0.303906 0.561719 0.051562 0.042188
0 0.363281 0.567969 0.014063 0.085938
14 0.403906 0.558594 0.048438 0.054688
0 0.552344 0.561719 0.014063 0.079687
14 0.589844 0.561719 0.045312 0.070312
10 0.639062 0.557031 0.037500 0.014063
6 0.689063 0.569531 0.040625 0.082812
13 0.769531 0.565625 0.042188 0.043750
2 0.839063 0.566406 0.050000 0.089063
2 0.082812 0.682031 0.065625 0.098437
12 0.153906 0.682031 0.051562 0.073438
3 0.232813 0.678906 0.059375 0.085938
13 0.314844 0.685156 0.051562 0.042188
0 0.380469 0.683594 0.017188 0.082812
1 0.441406 0.678906 0.073438 0.067187
0 0.566406 0.682031 0.020313 0.079687
1 0.621875 0.686719 0.062500 0.070312
11 0.685937 0.689063 0.050000 0.062500
3 0.750000 0.691406 0.046875 0.079687
13 0.826562 0.685156 0.037500 0.032813
2 0.879687 0.699219 0.056250 0.092188
0 0.053125 0.848437 0.015625 0.081250
1 0.110156 0.852344 0.054688 0.076563
11 0.173437 0.850000 0.046875 0.062500
2 0.235156 0.853906 0.039062 0.089063
13 0.296875 0.850781 0.046875 0.042188
3 0.367969 0.852344 0.048438 0.082812
0 0.569531 0.860156 0.017188 0.076563
1 0.621875 0.859375 0.056250 0.062500
11 0.689844 0.851562 0.048438 0.059375
3 0.754687 0.852344 0.046875 0.085938
13 0.832812 0.849219 0.050000 0.035937
2 0.875781 0.863281 0.048438 0.095312
