6 0.054688 0.120313 0.059375 0.103125
9 0.139063 0.107031 0.043750 0.082812
0 0.225781 0.121094 0.014063 0.120313
13 0.314063 0.114844 0.053125 0.048438
7 0.407031 0.120313 0.054688 0.112500
7 0.561719 0.128125 0.070312 0.112500
10 0.653125 0.120313 0.050000 0.021875
5 0.735938 0.110937 0.050000 0.112500
13 0.809375 0.118750 0.050000 0.043750
1 0.892969 0.118750 0.089063 0.100000
1 0.061719 0.281250 0.067187 0.068750
11 0.150781 0.271875 0.048438 0.078125
1 0.251563 0.283594 0.071875 0.079687
13 0.326562 0.291406 0.050000 0.045312
0 0.403125 0.282813 0.018750 0.118750
0 0.564844 0.275000 0.023438 0.096875
12 0.650781 0.268750 0.051562 0.075000
5 0.730469 0.267969 0.051562 0.110937
13 0.814063 0.277344 0.046875 0.051562
5 0.882812 0.269531 0.050000 0.107813
6 0.064844 0.446875 0.054688 0.112500
9 0.150781 0.443750 0.048438 0.090625
1 0.258594 0.444531 0.057813 0.089063
13 0.342969 0.444531 0.054688 0.051562
8 0.428125 0.465625 0.068750 0.143750
8 0.582812 0.441406 0.056250 0.135937
11 0.661719 0.424219 0.045312 0.073438
2 0.752344 0.436719 0.057813 0.104688
13 0.821875 0.440625 0.053125 0.043750
2 0.892188 0.446094 0.068750 0.117188
2 0.065625 0.614844 0.053125 0.104688
11 0.160156 0.606250 0.060937 0.081250
2 0.251563 0.614844 0.059375 0.098437
13 0.355469 0.609375 0.054688 0.046875
0 0.410938 0.612500 0.021875 0.100000
0 0.591406 0.590625 0.026562 0.093750
12 0.670312 0.578906 0.043750 0.079687
1 0.757031 0.577344 0.067187 0.089063
13 0.830469 0.589844 0.042188 0.048438
1 0.897656 0.591406 0.079687 0.089063
6 0.043750 0.806250 0.056250 0.106250
10 0.144531 0.791406 0.057813 0.020313
3 0.238281 0.803906 0.064062 0.123438
13 0.352344 0.785156 0.060937 0.051562
2 0.440625 0.791406 0.059375 0.101562
1 0.614062 0.775781 0.087500 0.079687
12 0.698438 0.771094 0.059375 0.073438
6 0.775000 0.779687 0.046875 0.128125
13 0.857812 0.778125 0.043750 0.040625
0 0.896875 0.779687 0.021875 0.106250
3 0.946094 0.802344 0.064062 0.129688
