8 0.078906 0.101562 0.045312 0.128125
10 0.166406 0.084375 0.042188 0.018750
6 0.240625 0.097656 0.046875 0.107813
13 0.315625 0.099219 0.046875 0.048438
1 0.404687 0.103125 0.081250 0.081250
7 0.566406 0.117969 0.067187 0.082812
10 0.645312 0.127344 0.046875 0.010937
5 0.722656 0.121875 0.048438 0.100000
13 0.792969 0.130469 0.051562 0.048438
1 0.857812 0.138281 0.090625 0.095312
1 0.089844 0.255469 0.079687 0.092188
12 0.178906 0.258594 0.057813 0.085938
5 0.254688 0.246094 0.050000 0.139063
13 0.331250 0.253906 0.050000 0.051562
0 0.390625 0.264062 0.012500 0.115625
1 0.458594 0.253906 0.076563 0.089063
8 0.598437 0.260156 0.056250 0.114062
11 0.684375 0.256250 0.053125 0.065625
2 0.767969 0.262500 0.064062 0.109375
13 0.850781 0.275000 0.051562 0.050000
2 0.918750 0.285938 0.075000 0.115625
2 0.085938 0.422656 0.062500 0.110937
9 0.164062 0.414062 0.050000 0.087500
2 0.233594 0.426563 0.067187 0.103125
13 0.343750 0.423438 0.056250 0.040625
5 0.420312 0.388281 0.062500 0.114062
6 0.597656 0.436719 0.073438 0.098437
10 0.696094 0.412500 0.060937 0.015625
5 0.780469 0.410938 0.048438 0.121875
13 0.854688 0.427344 0.050000 0.042188
0 0.905469 0.439063 0.017188 0.125000
0 0.073438 0.581250 0.018750 0.109375
9 0.152344 0.575781 0.051562 0.070312
3 0.253125 0.589063 0.068750 0.121875
13 0.340625 0.585938 0.050000 0.046875
4 0.403906 0.594531 0.060937 0.089063
5 0.593750 0.571094 0.056250 0.123438
9 0.671094 0.589844 0.045312 0.079687
1 0.764062 0.585938 0.075000 0.096875
13 0.837500 0.590625 0.053125 0.046875
7 0.920312 0.605469 0.056250 0.092188
8 0.050781 0.747656 0.051562 0.120313
10 0.121875 0.737500 0.046875 0.015625
6 0.196875 0.758594 0.040625 0.120313
13 0.300781 0.755469 0.042188 0.042188
1 0.371875 0.757031 0.071875 0.101562
1 0.592187 0.762500 0.078125 0.081250
12 0.688281 0.753906 0.048438 0.073438
3 0.771094 0.773438 0.064062 0.121875
13 0.870313 0.762500 0.050000 0.046875
7 0.938281 0.779687 0.067187 0.103125
