0 0.192188 0.174219 0.025000 0.045312
0 0.316406 0.182031 0.026562 0.070312
0 0.456250 0.175781 0.040625 0.054688
0 0.565625 0.182031 0.031250 0.067187
0 0.649219 0.178906 0.045312 0.073438
0 0.778125 0.178125 0.025000 0.068750
0 0.200781 0.277344 0.039062 0.073438
0 0.314844 0.268750 0.035937 0.056250
0 0.464062 0.275000 0.050000 0.062500
0 0.557813 0.285156 0.034375 0.073438
0 0.653125 0.280469 0.040625 0.073438
0 0.773438 0.286719 0.031250 0.073438
0 0.771875 0.384375 0.034375 0.068750
0 0.771094 0.516406 0.029687 0.060937
0 0.191406 0.390625 0.026562 0.059375
0 0.314063 0.381250 0.025000 0.059375
0 0.464844 0.381250 0.023438 0.062500
0 0.544531 0.384375 0.023438 0.062500
0 0.662500 0.386719 0.025000 0.067187
0 0.192969 0.528906 0.020313 0.067187
0 0.320312 0.507031 0.025000 0.048438
0 0.466406 0.518750 0.032813 0.040625
0 0.538281 0.512500 0.035937 0.068750
0 0.659375 0.522656 0.028125 0.073438
0 0.760156 0.670312 0.026562 0.068750
0 0.184375 0.642969 0.031250 0.051562
0 0.323437 0.637500 0.034375 0.056250
0 0.453125 0.649219 0.028125 0.067187
0 0.539062 0.647656 0.037500 0.060937
0 0.659375 0.659375 0.028125 0.075000
0 0.183594 0.789062 0.023438 0.065625
0 0.321875 0.788281 0.028125 0.067187
0 0.447656 0.793750 0.026562 0.081250
0 0.527344 0.790625 0.026562 0.065625
0 0.653125 0.793750 0.021875 0.065625
0 0.745313 0.801562 0.021875 0.065625
