8 0.137500 0.146094 0.056250 0.114062
11 0.220312 0.134375 0.043750 0.075000
2 0.311719 0.148438 0.054688 0.103125
13 0.390625 0.138281 0.050000 0.042188
2 0.452344 0.140625 0.076563 0.112500
2 0.636719 0.134375 0.070312 0.106250
9 0.697656 0.130469 0.051562 0.079687
3 0.784375 0.142187 0.065625 0.121875
13 0.858594 0.124219 0.042188 0.042188
6 0.921875 0.142187 0.053125 0.134375
6 0.111719 0.326562 0.064062 0.087500
9 0.204687 0.310937 0.050000 0.068750
0 0.268750 0.317969 0.015625 0.120313
13 0.357031 0.314063 0.042188 0.037500
7 0.449219 0.322656 0.089063 0.110937
7 0.628906 0.318750 0.067187 0.106250
9 0.703125 0.316406 0.040625 0.073438
7 0.782813 0.331250 0.065625 0.100000
13 0.850000 0.314844 0.046875 0.039062
0 0.899219 0.309375 0.017188 0.115625
5 0.960938 0.300781 0.040625 0.114062
0 0.085156 0.479687 0.020313 0.109375
5 0.133594 0.462500 0.045312 0.115625
11 0.207813 0.455469 0.043750 0.067187
1 0.282813 0.475781 0.078125 0.104688
13 0.346875 0.462500 0.043750 0.053125
7 0.417969 0.469531 0.076563 0.107813
7 0.610938 0.475781 0.062500 0.092188
11 0.690625 0.478906 0.050000 0.067187
1 0.778125 0.475781 0.068750 0.073438
13 0.852344 0.470313 0.054688 0.046875
3 0.925781 0.500781 0.070312 0.142187
5 0.111719 0.629687 0.057813 0.140625
9 0.187500 0.621875 0.050000 0.065625
8 0.263281 0.637500 0.054688 0.125000
13 0.332813 0.629687 0.040625 0.043750
0 0.400000 0.628906 0.015625 0.098437
6 0.452344 0.635156 0.057813 0.110937
0 0.585938 0.632812 0.015625 0.103125
6 0.642969 0.626563 0.054688 0.112500
10 0.701562 0.617188 0.046875 0.015625
5 0.776563 0.618750 0.043750 0.100000
13 0.846094 0.629687 0.048438 0.043750
0 0.900000 0.645312 0.028125 0.115625
0 0.940625 0.645312 0.028125 0.096875
6 0.037500 0.808594 0.062500 0.114062
9 0.114844 0.798438 0.048438 0.093750
1 0.219531 0.794531 0.070312 0.079687
13 0.328906 0.801562 0.057813 0.050000
8 0.423438 0.810937 0.056250 0.134375
8 0.587500 0.803906 0.056250 0.120313
0 0.667969 0.787500 0.054688 0.021875
5 0.743750 0.785937 0.046875 0.134375
13 0.823438 0.789062 0.053125 0.043750
2 0.883594 0.807031 0.070312 0.123438
