0 0.054688 0.091406 0.018750 0.070312
9 0.141406 0.074219 0.029687 0.048438
0 0.230469 0.071094 0.017188 0.079687
13 0.325000 0.070312 0.037500 0.040625
1 0.401562 0.066406 0.056250 0.067187
1 0.600781 0.074219 0.048438 0.057813
9 0.653906 0.068750 0.045312 0.056250
1 0.740625 0.063281 0.040625 0.060937
13 0.809375 0.072656 0.043750 0.039062
3 0.870313 0.089844 0.056250 0.098437
5 0.068750 0.379688 0.037500 0.103125
9 0.167187 0.384375 0.046875 0.068750
1 0.253906 0.382031 0.051562 0.073438
13 0.325781 0.382031 0.042188 0.045312
7 0.412500 0.382031 0.056250 0.089063
7 0.602344 0.372656 0.051562 0.092188
10 0.661719 0.383594 0.051562 0.017188
5 0.737500 0.375000 0.034375 0.093750
13 0.815625 0.380469 0.050000 0.039062
1 0.875781 0.384375 0.070312 0.087500
5 0.054688 0.662500 0.040625 0.131250
11 0.157812 0.673438 0.053125 0.087500
2 0.244531 0.673438 0.042188 0.093750
13 0.353906 0.659375 0.042188 0.043750
1 0.430469 0.663281 0.082812 0.085938
1 0.618750 0.635938 0.068750 0.078125
12 0.694531 0.635938 0.060937 0.059375
2 0.771875 0.636719 0.043750 0.095312
13 0.841406 0.646094 0.045312 0.035937
5 0.892969 0.640625 0.035937 0.100000
