2 0.090625 0.315625 0.065625 0.121875
9 0.196094 0.314063 0.045312 0.062500
2 0.294531 0.302344 0.051562 0.095312
13 0.382812 0.305469 0.040625 0.039062
5 0.446094 0.287500 0.042188 0.115625
5 0.602344 0.279687 0.039062 0.115625
10 0.671094 0.284375 0.039062 0.018750
1 0.742969 0.276562 0.060937 0.078125
13 0.821875 0.285156 0.050000 0.051562
3 0.910156 0.282031 0.064062 0.114062
3 0.092188 0.473438 0.065625 0.087500
11 0.216406 0.462500 0.051562 0.078125
1 0.317969 0.458594 0.067187 0.085938
13 0.404687 0.462500 0.050000 0.050000
1 0.492188 0.457813 0.071875 0.093750
1 0.635938 0.464062 0.053125 0.075000
11 0.703906 0.453906 0.048438 0.067187
0 0.771875 0.452344 0.025000 0.104688
13 0.841406 0.459375 0.045312 0.046875
1 0.928125 0.449219 0.056250 0.092188
0 0.110156 0.621094 0.026562 0.101562
12 0.221094 0.618750 0.054688 0.068750
8 0.307812 0.616406 0.050000 0.110937
13 0.405469 0.607812 0.045312 0.040625
8 0.483594 0.625781 0.051562 0.114062
8 0.646875 0.645312 0.050000 0.109375
11 0.720313 0.628906 0.050000 0.067187
2 0.787500 0.638281 0.050000 0.098437
13 0.862500 0.634375 0.046875 0.040625
2 0.921094 0.635938 0.048438 0.096875
2 0.121875 0.789062 0.053125 0.075000
12 0.227344 0.786719 0.048438 0.054688
0 0.314844 0.778906 0.017188 0.079687
13 0.402344 0.775781 0.042188 0.032813
2 0.469531 0.790625 0.060937 0.100000
3 0.636719 0.803125 0.057813 0.103125
11 0.725000 0.789844 0.040625 0.064062
3 0.796875 0.790625 0.050000 0.100000
13 0.873437 0.796875 0.046875 0.043750
0 0.907813 0.807813 0.021875 0.103125
