5 0.099219 0.325781 0.054688 0.123438
10 0.187500 0.326562 0.043750 0.018750
3 0.266406 0.326562 0.051562 0.103125
13 0.352344 0.337500 0.048438 0.043750
1 0.446875 0.333594 0.065625 0.092188
1 0.657031 0.337500 0.051562 0.087500
12 0.722656 0.338281 0.051562 0.070312
1 0.814844 0.337500 0.060937 0.093750
13 0.878125 0.338281 0.050000 0.048438
3 0.936719 0.359375 0.051562 0.112500
3 0.105469 0.532813 0.057813 0.118750
9 0.199219 0.532813 0.054688 0.081250
0 0.273438 0.514844 0.018750 0.120313
13 0.362500 0.525000 0.053125 0.068750
4 0.439844 0.527344 0.051562 0.089063
4 0.650781 0.529687 0.067187 0.096875
10 0.742188 0.525781 0.040625 0.014063
1 0.793750 0.535156 0.062500 0.085938
13 0.864062 0.526563 0.046875 0.043750
2 0.925000 0.538281 0.053125 0.104688
2 0.111719 0.729688 0.064062 0.115625
11 0.203125 0.728906 0.050000 0.076563
2 0.278906 0.725000 0.051562 0.090625
13 0.381250 0.711719 0.046875 0.045312
0 0.437500 0.712500 0.015625 0.115625
0 0.639062 0.715625 0.018750 0.103125
11 0.705469 0.722656 0.054688 0.082812
0 0.767188 0.724219 0.015625 0.110937
13 0.830469 0.716406 0.048438 0.035937
0 0.896875 0.724219 0.015625 0.123438
