2 0.150000 0.258594 0.087500 0.142187
9 0.280469 0.248438 0.067187 0.115625
1 0.477344 0.236719 0.095312 0.117188
13 0.636719 0.240625 0.082812 0.075000
4 0.802344 0.221094 0.089063 0.135937
5 0.130469 0.501563 0.064062 0.175000
10 0.299219 0.503125 0.089063 0.028125
1 0.481250 0.506250 0.109375 0.109375
13 0.650000 0.508594 0.096875 0.076563
3 0.802344 0.489844 0.085938 0.120313
1 0.145313 0.766406 0.096875 0.117188
9 0.297656 0.755469 0.060937 0.104688
2 0.457031 0.761719 0.067187 0.132812
13 0.609375 0.757031 0.068750 0.057813
4 0.747656 0.772656 0.098437 0.126562
