1 0.310937 0.127344 0.090625 0.142187
12 0.428906 0.132812 0.085938 0.115625
1 0.594531 0.124219 0.104688 0.148438
13 0.711719 0.121875 0.085938 0.078125
3 0.825781 0.156250 0.098437 0.209375
4 0.296094 0.468750 0.110937 0.168750
10 0.467969 0.460156 0.076563 0.029687
1 0.565625 0.475000 0.118750 0.156250
13 0.696875 0.454688 0.090625 0.068750
2 0.825781 0.479687 0.101562 0.190625
0 0.272656 0.823438 0.032813 0.196875
11 0.400000 0.835156 0.093750 0.160938
0 0.526563 0.841406 0.028125 0.207813
13 0.650000 0.826562 0.084375 0.062500
0 0.783594 0.836719 0.023438 0.229687
