5 0.199219 0.121875 0.092188 0.206250
10 0.357031 0.126562 0.070312 0.018750
3 0.501563 0.125000 0.087500 0.162500
13 0.653906 0.143750 0.085938 0.075000
1 0.833594 0.131250 0.117188 0.162500
3 0.196875 0.489063 0.109375 0.190625
9 0.360938 0.492188 0.096875 0.146875
0 0.502344 0.470313 0.023438 0.209375
13 0.677344 0.478906 0.092188 0.098437
4 0.825781 0.490625 0.092188 0.159375
2 0.185938 0.871094 0.100000 0.226562
2 0.355469 0.878125 0.089063 0.146875
2 0.506250 0.870313 0.090625 0.168750
13 0.710156 0.846094 0.089063 0.082812
0 0.821875 0.855469 0.025000 0.226562
