5 0.161719 0.126562 0.076563 0.206250
10 0.292969 0.139063 0.070312 0.018750
1 0.427344 0.128125 0.114062 0.143750
13 0.575781 0.143750 0.073438 0.084375
3 0.746094 0.135156 0.114062 0.204687
1 0.217188 0.477344 0.103125 0.135937
11 0.346875 0.465625 0.081250 0.131250
0 0.479687 0.470313 0.031250 0.215625
13 0.617969 0.479687 0.082812 0.078125
1 0.789844 0.473438 0.110937 0.178125
8 0.218750 0.853125 0.090625 0.221875
11 0.373437 0.820312 0.090625 0.128125
2 0.505469 0.841406 0.085938 0.189062
13 0.664062 0.847656 0.087500 0.085938
2 0.785156 0.851562 0.098437 0.200000
