7 0.083594 0.095312 0.054688 0.090625
9 0.156250 0.106250 0.043750 0.065625
5 0.231250 0.099219 0.050000 0.104688
13 0.337500 0.088281 0.062500 0.045312
0 0.383594 0.089844 0.020313 0.085938
3 0.438281 0.102344 0.048438 0.098437
0 0.578906 0.089844 0.017188 0.085938
3 0.637500 0.089063 0.059375 0.096875
11 0.718750 0.085156 0.046875 0.064062
1 0.788281 0.081250 0.057813 0.075000
13 0.862500 0.088281 0.062500 0.039062
6 0.917188 0.103906 0.053125 0.120313
7 0.080469 0.255469 0.060937 0.098437
9 0.162500 0.255469 0.056250 0.073438
6 0.233594 0.250000 0.048438 0.093750
13 0.347656 0.250000 0.057813 0.037500
0 0.392969 0.247656 0.020313 0.089063
4 0.440625 0.243750 0.043750 0.078125
0 0.587500 0.227344 0.021875 0.064062
4 0.644531 0.237500 0.054688 0.075000
11 0.710156 0.237500 0.051562 0.062500
2 0.778906 0.240625 0.048438 0.090625
13 0.850000 0.241406 0.056250 0.042188
4 0.916406 0.242188 0.054688 0.081250
0 0.056250 0.382812 0.021875 0.071875
4 0.100000 0.386719 0.046875 0.082812
11 0.179688 0.379688 0.043750 0.053125
2 0.246875 0.379688 0.046875 0.087500
13 0.351562 0.385156 0.065625 0.032813
4 0.424219 0.376563 0.054688 0.078125
4 0.620313 0.369531 0.056250 0.085938
12 0.692187 0.376563 0.056250 0.065625
5 0.751563 0.367969 0.040625 0.085938
13 0.835156 0.364844 0.051562 0.039062
2 0.889062 0.373437 0.050000 0.084375
14 0.939063 0.378125 0.040625 0.059375
2 0.081250 0.567187 0.050000 0.075000
14 0.129688 0.571094 0.043750 0.054688
10 0.192188 0.561719 0.034375 0.014063
0 0.230469 0.571094 0.023438 0.070312
1 0.279687 0.564844 0.062500 0.067187
13 0.366406 0.560937 0.051562 0.034375
0 0.406250 0.557813 0.015625 0.078125
7 0.450000 0.564844 0.040625 0.073438
0 0.600000 0.550000 0.015625 0.075000
7 0.646094 0.555469 0.054688 0.070312
10 0.708594 0.543750 0.051562 0.009375
0 0.754687 0.540625 0.012500 0.090625
5 0.793750 0.534375 0.037500 0.090625
13 0.861719 0.535156 0.048438 0.032813
1 0.946875 0.538281 0.093750 0.092188
1 0.103906 0.707031 0.064062 0.067187
12 0.176563 0.710938 0.043750 0.059375
1 0.265625 0.696875 0.068750 0.062500
13 0.355469 0.701562 0.054688 0.040625
3 0.424219 0.698438 0.054688 0.112500
3 0.636719 0.698438 0.060937 0.100000
9 0.723437 0.693750 0.050000 0.078125
3 0.792188 0.692187 0.059375 0.093750
13 0.875781 0.687500 0.051562 0.037500
7 0.931250 0.698438 0.050000 0.081250
7 0.099219 0.906250 0.076563 0.109375
10 0.180469 0.895312 0.048438 0.015625
5 0.257031 0.894531 0.054688 0.120313
13 0.347656 0.899219 0.048438 0.039062
1 0.438281 0.898438 0.073438 0.087500
7 0.646875 0.886719 0.075000 0.117188
10 0.723437 0.882812 0.040625 0.018750
1 0.791406 0.882031 0.067187 0.073438
13 0.867969 0.881250 0.054688 0.037500
5 0.945312 0.873437 0.050000 0.118750
