2 0.167969 0.191406 0.095312 0.217188
9 0.362500 0.195312 0.078125 0.112500
2 0.541406 0.179688 0.095312 0.165625
13 0.713281 0.198437 0.070312 0.068750
5 0.830469 0.168750 0.067187 0.206250
3 0.131250 0.489063 0.106250 0.165625
0 0.127344 0.797656 0.032813 0.217188
11 0.367188 0.482812 0.093750 0.153125
12 0.350781 0.803906 0.101562 0.148438
1 0.558594 0.479687 0.129688 0.159375
13 0.742188 0.492969 0.090625 0.095312
1 0.915625 0.497656 0.134375 0.179688
8 0.527344 0.802344 0.104688 0.226562
13 0.731250 0.789844 0.090625 0.076563
8 0.892188 0.832812 0.103125 0.237500
