0 0.192969 0.142187 0.020313 0.087500
0 0.307031 0.140625 0.032813 0.071875
0 0.413281 0.147656 0.032813 0.082812
0 0.516406 0.154688 0.023438 0.090625
0 0.605469 0.150000 0.035937 0.075000
0 0.713281 0.144531 0.032813 0.082812
0 0.182812 0.296094 0.025000 0.092188
0 0.322656 0.297656 0.029687 0.095312
0 0.436719 0.295312 0.023438 0.090625
0 0.546094 0.287500 0.032813 0.109375
0 0.655469 0.299219 0.032813 0.101562
0 0.735156 0.286719 0.032813 0.098437
0 0.178125 0.447656 0.028125 0.107813
0 0.316406 0.440625 0.039062 0.084375
0 0.442188 0.433594 0.028125 0.085938
0 0.557813 0.439844 0.028125 0.079687
0 0.664844 0.449219 0.045312 0.098437
0 0.760156 0.441406 0.039062 0.101562
0 0.182812 0.579688 0.031250 0.096875
0 0.307812 0.568750 0.040625 0.078125
0 0.450000 0.562500 0.031250 0.084375
0 0.567187 0.564844 0.028125 0.089063
0 0.670312 0.567187 0.025000 0.090625
0 0.757031 0.567187 0.032813 0.090625
0 0.170313 0.692969 0.031250 0.095312
0 0.158594 0.809375 0.023438 0.090625
0 0.317969 0.685937 0.026562 0.084375
0 0.321094 0.810156 0.039062 0.095312
0 0.452344 0.690625 0.029687 0.078125
0 0.454688 0.806250 0.031250 0.090625
0 0.583594 0.689844 0.026562 0.085938
0 0.687500 0.693750 0.034375 0.093750
0 0.585156 0.807031 0.026562 0.117188
0 0.699219 0.813281 0.035937 0.104688
0 0.782031 0.705469 0.032813 0.107813
0 0.792188 0.828125 0.037500 0.100000
