4 0.171875 0.179688 0.106250 0.137500
5 0.671094 0.182812 0.079687 0.171875
9 0.307812 0.182031 0.068750 0.110937
0 0.458594 0.182812 0.032813 0.134375
13 0.560156 0.194531 0.070312 0.079687
3 0.164844 0.468750 0.095312 0.150000
11 0.296875 0.475000 0.071875 0.106250
1 0.422656 0.460156 0.082812 0.120313
13 0.530469 0.489844 0.085938 0.076563
1 0.675781 0.487500 0.148438 0.146875
2 0.689844 0.794531 0.070312 0.157812
1 0.450781 0.769531 0.092188 0.126562
13 0.582031 0.762500 0.079687 0.071875
4 0.188281 0.775781 0.085938 0.123438
10 0.331250 0.760938 0.093750 0.025000
