7 0.150000 0.231250 0.112500 0.203125
0 0.130469 0.553125 0.032813 0.178125
2 0.138281 0.828906 0.107813 0.201563
12 0.347656 0.817969 0.095312 0.142187
3 0.556250 0.830469 0.112500 0.217188
13 0.732812 0.821094 0.103125 0.085938
4 0.878906 0.821094 0.092188 0.160938
10 0.324219 0.546094 0.101562 0.029687
1 0.514844 0.547656 0.110937 0.145313
13 0.685156 0.535156 0.107813 0.067187
2 0.832812 0.546875 0.093750 0.206250
8 0.471094 0.250000 0.101562 0.218750
9 0.299219 0.228906 0.089063 0.145313
13 0.662500 0.228125 0.103125 0.075000
14 0.803125 0.222656 0.103125 0.182812
