4 0.196094 0.160938 0.082812 0.125000
11 0.338281 0.166406 0.073438 0.098437
5 0.451562 0.149219 0.071875 0.148438
13 0.603906 0.151562 0.079687 0.078125
6 0.750781 0.162500 0.089063 0.153125
6 0.172656 0.372656 0.092188 0.142187
9 0.330469 0.374219 0.082812 0.114062
7 0.465625 0.377344 0.075000 0.145313
13 0.615625 0.383594 0.081250 0.067187
8 0.735938 0.410938 0.075000 0.168750
14 0.187500 0.585156 0.065625 0.139063
10 0.336719 0.579688 0.067187 0.028125
0 0.481250 0.571875 0.031250 0.165625
13 0.644531 0.603125 0.079687 0.068750
1 0.754687 0.611719 0.103125 0.145313
2 0.181250 0.851562 0.075000 0.187500
12 0.353906 0.825000 0.073438 0.093750
3 0.495312 0.833594 0.096875 0.135937
13 0.652344 0.841406 0.079687 0.073438
8 0.760938 0.850781 0.068750 0.182812
