14 0.132031 0.079687 0.079687 0.109375
9 0.244531 0.084375 0.082812 0.146875
0 0.327344 0.096875 0.054688 0.165625
13 0.426563 0.110156 0.075000 0.089063
1 0.562500 0.105469 0.125000 0.132812
5 0.146875 0.375000 0.068750 0.193750
12 0.253125 0.378906 0.081250 0.139063
6 0.375000 0.385937 0.071875 0.168750
13 0.524219 0.385156 0.098437 0.079687
7 0.659375 0.394531 0.109375 0.145313
5 0.146875 0.804688 0.093750 0.218750
10 0.282813 0.819531 0.093750 0.042188
2 0.407031 0.832031 0.070312 0.185938
13 0.589063 0.860938 0.121875 0.109375
2 0.701562 0.879687 0.081250 0.209375
