2 0.184375 0.089844 0.093750 0.151562
10 0.307031 0.089063 0.079687 0.028125
3 0.413281 0.128125 0.129688 0.181250
13 0.542188 0.148438 0.084375 0.078125
4 0.688281 0.155469 0.126562 0.157812
8 0.199219 0.360938 0.085938 0.146875
11 0.354687 0.386719 0.096875 0.182812
7 0.496875 0.385156 0.090625 0.135937
13 0.621875 0.391406 0.078125 0.076563
2 0.737500 0.402344 0.078125 0.160938
6 0.247656 0.823438 0.092188 0.221875
9 0.360156 0.837500 0.076563 0.200000
3 0.483594 0.867188 0.135937 0.231250
13 0.650781 0.855469 0.098437 0.132812
7 0.774219 0.835156 0.132812 0.170313
