8 0.244531 0.108594 0.082812 0.148438
9 0.339844 0.114062 0.082812 0.162500
0 0.431250 0.117188 0.050000 0.153125
13 0.536719 0.124219 0.092188 0.085938
7 0.651563 0.111719 0.100000 0.157812
4 0.254688 0.401562 0.109375 0.162500
12 0.375000 0.427344 0.096875 0.142187
3 0.486719 0.427344 0.092188 0.135937
13 0.616406 0.453906 0.067187 0.089063
2 0.726562 0.444531 0.065625 0.145313
1 0.261719 0.774219 0.098437 0.117188
11 0.396094 0.809375 0.104688 0.162500
0 0.498437 0.808594 0.053125 0.182812
13 0.600000 0.825781 0.090625 0.098437
0 0.702344 0.837500 0.035937 0.153125
