6 0.228906 0.116406 0.101562 0.154688
10 0.337500 0.117188 0.090625 0.021875
5 0.435156 0.109375 0.067187 0.153125
13 0.566406 0.146875 0.120313 0.103125
0 0.675781 0.135156 0.039062 0.176563
1 0.221094 0.415625 0.104688 0.100000
12 0.341406 0.467187 0.114062 0.146875
0 0.429688 0.456250 0.028125 0.171875
13 0.547656 0.468750 0.107813 0.081250
0 0.664844 0.463281 0.032813 0.126562
5 0.200781 0.828125 0.089063 0.187500
9 0.340625 0.852344 0.103125 0.182812
2 0.465625 0.860156 0.071875 0.151562
13 0.583594 0.875000 0.076563 0.096875
8 0.701562 0.895312 0.090625 0.190625
