4 0.271094 0.160938 0.129688 0.181250
10 0.369531 0.189844 0.070312 0.020313
1 0.469531 0.177344 0.092188 0.107813
13 0.593750 0.170313 0.068750 0.078125
2 0.685937 0.171094 0.068750 0.151562
2 0.242188 0.519531 0.078125 0.151562
11 0.354687 0.529687 0.090625 0.156250
0 0.453125 0.532813 0.031250 0.112500
13 0.568750 0.549219 0.078125 0.079687
2 0.669531 0.546875 0.054688 0.134375
5 0.255469 0.831250 0.079687 0.162500
10 0.375000 0.854688 0.093750 0.040625
0 0.454688 0.866406 0.043750 0.126562
13 0.568750 0.878125 0.068750 0.084375
4 0.667969 0.878125 0.117188 0.137500
