6 0.258594 0.167969 0.085938 0.154688
9 0.358594 0.165625 0.101562 0.162500
0 0.442969 0.178906 0.051562 0.167187
13 0.540625 0.200000 0.078125 0.100000
7 0.630469 0.196094 0.107813 0.185938
6 0.280469 0.520312 0.082812 0.137500
9 0.372656 0.520312 0.070312 0.125000
1 0.454688 0.543750 0.071875 0.115625
13 0.560156 0.561719 0.064062 0.085938
8 0.650000 0.580469 0.068750 0.160938
2 0.262500 0.869531 0.075000 0.145313
12 0.363281 0.887500 0.095312 0.109375
2 0.460938 0.908594 0.056250 0.145313
13 0.562500 0.910937 0.059375 0.065625
8 0.671094 0.912500 0.067187 0.175000
