4 0.032031 0.183594 0.051562 0.089063
12 0.103906 0.182812 0.051562 0.065625
8 0.173437 0.190625 0.059375 0.103125
13 0.280469 0.181250 0.045312 0.046875
3 0.337500 0.175000 0.043750 0.084375
4 0.389844 0.178125 0.045312 0.068750
3 0.551562 0.168750 0.050000 0.078125
4 0.599219 0.169531 0.045312 0.079687
9 0.660156 0.166406 0.048438 0.060937
4 0.720313 0.169531 0.056250 0.079687
13 0.796875 0.161719 0.050000 0.042188
4 0.866406 0.161719 0.060937 0.089063
14 0.921875 0.164062 0.046875 0.065625
4 0.027344 0.339844 0.051562 0.089063
14 0.075000 0.344531 0.040625 0.073438
11 0.133594 0.346875 0.054688 0.062500
0 0.186719 0.346094 0.026562 0.082812
14 0.228125 0.338281 0.050000 0.067187
13 0.288281 0.341406 0.054688 0.039062
4 0.361719 0.334375 0.057813 0.081250
5 0.560937 0.324219 0.043750 0.101562
9 0.628906 0.328906 0.045312 0.073438
5 0.692187 0.311719 0.046875 0.092188
13 0.789062 0.313281 0.050000 0.042188
0 0.841406 0.322656 0.020313 0.082812
1 0.891406 0.317969 0.051562 0.067187
0 0.023438 0.461719 0.015625 0.073438
1 0.064844 0.460156 0.035937 0.060937
12 0.135937 0.453906 0.043750 0.054688
0 0.211719 0.458594 0.023438 0.060937
1 0.253125 0.453906 0.040625 0.057813
13 0.318750 0.457813 0.043750 0.040625
0 0.372656 0.450000 0.020313 0.075000
3 0.414844 0.448437 0.054688 0.090625
3 0.469531 0.456250 0.048438 0.106250
0 0.571875 0.459375 0.015625 0.087500
3 0.615625 0.462500 0.053125 0.084375
9 0.676562 0.457813 0.037500 0.065625
0 0.717187 0.457031 0.018750 0.092188
3 0.756250 0.464844 0.053125 0.089063
13 0.830469 0.470313 0.042188 0.037500
1 0.882812 0.467187 0.043750 0.068750
7 0.928906 0.473438 0.048438 0.087500
5 0.051562 0.567187 0.040625 0.096875
11 0.135937 0.583594 0.046875 0.067187
5 0.217969 0.557813 0.042188 0.103125
13 0.303125 0.568750 0.050000 0.037500
0 0.362500 0.575000 0.028125 0.106250
5 0.573438 0.598437 0.043750 0.087500
11 0.640625 0.605469 0.050000 0.060937
2 0.703906 0.608594 0.051562 0.095312
13 0.795312 0.600781 0.062500 0.039062
1 0.867969 0.607031 0.076563 0.076563
2 0.057031 0.728906 0.051562 0.079687
9 0.125000 0.727344 0.053125 0.060937
1 0.206250 0.720313 0.068750 0.065625
13 0.288281 0.711719 0.054688 0.035937
4 0.364063 0.707031 0.068750 0.070312
5 0.591406 0.707812 0.035937 0.084375
9 0.653125 0.727344 0.043750 0.073438
6 0.721875 0.728125 0.053125 0.084375
13 0.809375 0.725781 0.050000 0.039062
0 0.857812 0.721094 0.018750 0.085938
2 0.900000 0.725781 0.059375 0.089063
4 0.067969 0.877344 0.060937 0.085938
9 0.139844 0.868750 0.045312 0.059375
0 0.194531 0.875000 0.017188 0.096875
13 0.285156 0.871094 0.067187 0.039062
5 0.355469 0.867969 0.042188 0.107813
0 0.579688 0.880469 0.021875 0.092188
2 0.624219 0.885938 0.048438 0.093750
9 0.683594 0.877344 0.045312 0.067187
0 0.736719 0.886719 0.017188 0.092188
14 0.777344 0.882031 0.039062 0.070312
13 0.842969 0.882812 0.054688 0.037500
1 0.908594 0.887500 0.057813 0.075000
2 0.960938 0.892969 0.040625 0.098437
