0 0.158594 0.125000 0.029687 0.118750
0 0.314844 0.107813 0.029687 0.087500
0 0.456250 0.121094 0.031250 0.129688
0 0.571094 0.128125 0.032813 0.081250
0 0.724219 0.121094 0.039062 0.129688
0 0.827344 0.128906 0.029687 0.110937
0 0.154688 0.272656 0.028125 0.085938
0 0.322656 0.263281 0.029687 0.082812
0 0.442969 0.264844 0.023438 0.060937
0 0.566406 0.278906 0.020313 0.120313
0 0.712500 0.273438 0.037500 0.071875
0 0.825000 0.285938 0.028125 0.093750
0 0.130469 0.406250 0.035937 0.093750
0 0.308594 0.403125 0.029687 0.100000
0 0.452344 0.407813 0.026562 0.081250
0 0.573438 0.403906 0.040625 0.101562
0 0.719531 0.403125 0.032813 0.081250
0 0.849219 0.419531 0.023438 0.114062
0 0.143750 0.550781 0.028125 0.085938
0 0.321094 0.546875 0.042188 0.090625
0 0.457813 0.540625 0.028125 0.109375
0 0.615625 0.544531 0.059375 0.101562
0 0.748437 0.556250 0.028125 0.109375
0 0.847656 0.557813 0.035937 0.103125
0 0.864844 0.710156 0.064062 0.129688
0 0.735938 0.689844 0.034375 0.095312
0 0.132031 0.682031 0.039062 0.098437
0 0.303906 0.676562 0.026562 0.115625
0 0.448437 0.667969 0.043750 0.101562
0 0.598437 0.684375 0.046875 0.118750
0 0.128125 0.828125 0.028125 0.125000
0 0.306250 0.821875 0.046875 0.071875
0 0.454688 0.837500 0.037500 0.143750
0 0.590625 0.830469 0.031250 0.070312
0 0.751563 0.851562 0.028125 0.143750
0 0.866406 0.851562 0.042188 0.103125
