5 0.219531 0.121094 0.070312 0.167187
10 0.330469 0.135156 0.076563 0.035937
3 0.438281 0.164844 0.110937 0.170313
13 0.600000 0.163281 0.078125 0.104688
1 0.721875 0.165625 0.106250 0.112500
7 0.276562 0.445312 0.087500 0.153125
11 0.410156 0.455469 0.067187 0.154688
1 0.510938 0.459375 0.056250 0.100000
13 0.626563 0.453125 0.096875 0.087500
3 0.761719 0.491406 0.120313 0.189062
2 0.215625 0.839844 0.078125 0.179688
9 0.344531 0.867188 0.117188 0.234375
1 0.491406 0.837500 0.104688 0.156250
13 0.623437 0.867188 0.084375 0.093750
4 0.737500 0.856250 0.137500 0.171875
