1 0.182812 0.173437 0.090625 0.109375
9 0.266406 0.191406 0.073438 0.154688
2 0.364844 0.196875 0.067187 0.131250
13 0.517188 0.211719 0.090625 0.082812
4 0.633594 0.207813 0.101562 0.143750
0 0.179688 0.456250 0.040625 0.131250
12 0.254688 0.470313 0.078125 0.115625
8 0.385937 0.473438 0.071875 0.128125
13 0.507031 0.502344 0.070312 0.073438
8 0.626563 0.524219 0.090625 0.154688
7 0.192188 0.862500 0.087500 0.171875
11 0.297656 0.871875 0.060937 0.165625
1 0.411719 0.879687 0.085938 0.128125
13 0.527344 0.895312 0.079687 0.075000
3 0.653125 0.919531 0.100000 0.160938
