1 0.157031 0.099219 0.101562 0.110937
9 0.244531 0.112500 0.076563 0.171875
2 0.349219 0.119531 0.067187 0.148438
13 0.514844 0.132812 0.095312 0.090625
4 0.639062 0.124219 0.112500 0.151562
0 0.156250 0.399219 0.043750 0.142187
12 0.236719 0.410156 0.079687 0.120313
8 0.376563 0.413281 0.068750 0.135937
13 0.508594 0.442969 0.079687 0.073438
8 0.635938 0.463281 0.096875 0.160938
7 0.179688 0.822656 0.087500 0.170313
11 0.288281 0.831250 0.060937 0.171875
1 0.407813 0.839844 0.090625 0.135937
13 0.532031 0.853125 0.076563 0.071875
3 0.664844 0.896094 0.110937 0.207813
