7 0.235937 0.098437 0.078125 0.121875
10 0.323437 0.100000 0.053125 0.018750
2 0.398438 0.102344 0.078125 0.123438
13 0.523438 0.115625 0.090625 0.065625
4 0.648438 0.101562 0.137500 0.109375
8 0.214062 0.442969 0.075000 0.135937
11 0.322656 0.450781 0.051562 0.132812
2 0.407031 0.453906 0.051562 0.110937
13 0.524219 0.471094 0.079687 0.070312
2 0.603125 0.475781 0.062500 0.114062
2 0.227344 0.843750 0.079687 0.153125
0 0.339062 0.846875 0.050000 0.037500
1 0.410938 0.860938 0.068750 0.131250
13 0.529687 0.860156 0.071875 0.076563
0 0.614844 0.878906 0.042188 0.229687
