2 0.179688 0.126562 0.059375 0.115625
9 0.276562 0.125781 0.075000 0.104688
0 0.364063 0.117969 0.031250 0.107813
13 0.457813 0.126562 0.062500 0.062500
3 0.567187 0.138281 0.096875 0.132812
3 0.244531 0.444531 0.070312 0.129688
12 0.324219 0.450781 0.064062 0.101562
1 0.403125 0.445312 0.053125 0.078125
13 0.495312 0.450781 0.062500 0.064062
7 0.586719 0.460156 0.076563 0.104688
2 0.249219 0.822656 0.057813 0.123438
9 0.343750 0.842187 0.062500 0.150000
5 0.420312 0.837500 0.053125 0.156250
13 0.508594 0.839844 0.067187 0.076563
8 0.606250 0.857031 0.075000 0.145313
