1 0.163281 0.115625 0.057813 0.071875
1 0.332031 0.102344 0.051562 0.073438
9 0.232813 0.110937 0.053125 0.062500
13 0.414844 0.110156 0.048438 0.045312
3 0.489063 0.125000 0.065625 0.115625
7 0.164062 0.474219 0.062500 0.123438
10 0.236719 0.485156 0.060937 0.017188
5 0.335938 0.478906 0.040625 0.129688
13 0.435156 0.483594 0.048438 0.048438
1 0.514844 0.488281 0.085938 0.110937
1 0.174219 0.825781 0.082812 0.104688
12 0.275781 0.828906 0.079687 0.079687
2 0.384375 0.830469 0.053125 0.139063
13 0.481250 0.850000 0.059375 0.050000
5 0.553906 0.850781 0.051562 0.139063
