0 0.130469 0.090625 0.017188 0.084375
9 0.246094 0.069531 0.045312 0.067187
0 0.368750 0.064062 0.018750 0.106250
13 0.498437 0.070312 0.053125 0.046875
1 0.596094 0.068750 0.076563 0.087500
5 0.123438 0.471875 0.053125 0.137500
9 0.257812 0.485938 0.068750 0.096875
1 0.377344 0.481250 0.073438 0.100000
13 0.476562 0.485156 0.059375 0.060937
7 0.600000 0.485938 0.075000 0.121875
5 0.091406 0.868750 0.054688 0.178125
11 0.232813 0.896875 0.075000 0.121875
2 0.350781 0.906250 0.051562 0.125000
13 0.508594 0.890625 0.060937 0.062500
1 0.617969 0.899219 0.114062 0.123438
