1 0.151562 0.078125 0.062500 0.062500
9 0.221875 0.072656 0.056250 0.073438
1 0.332031 0.062500 0.057813 0.071875
13 0.420312 0.073438 0.046875 0.053125
3 0.500000 0.090625 0.071875 0.121875
7 0.160156 0.467187 0.067187 0.131250
10 0.240625 0.476562 0.062500 0.018750
5 0.350000 0.463281 0.043750 0.123438
13 0.455469 0.467969 0.057813 0.045312
1 0.542969 0.475000 0.085938 0.125000
1 0.185156 0.842187 0.092188 0.109375
12 0.297656 0.840625 0.092188 0.081250
2 0.408594 0.838281 0.057813 0.139063
13 0.516406 0.853906 0.064062 0.051562
5 0.596094 0.846875 0.057813 0.146875
