14 0.192188 0.106250 0.075000 0.121875
9 0.325000 0.104688 0.075000 0.112500
0 0.460938 0.112500 0.021875 0.134375
13 0.603125 0.127344 0.084375 0.076563
1 0.745313 0.121875 0.093750 0.115625
2 0.171875 0.356250 0.084375 0.140625
10 0.317188 0.355469 0.087500 0.017188
3 0.474219 0.361719 0.098437 0.198437
13 0.650781 0.357812 0.092188 0.059375
4 0.757031 0.375781 0.098437 0.129688
5 0.147656 0.588281 0.079687 0.185938
11 0.307812 0.584375 0.081250 0.106250
6 0.471875 0.621094 0.096875 0.148438
13 0.654687 0.601562 0.106250 0.056250
7 0.783594 0.607031 0.114062 0.135937
8 0.125000 0.828125 0.071875 0.221875
12 0.332031 0.840625 0.095312 0.106250
14 0.501563 0.836719 0.071875 0.135937
14 0.782031 0.866406 0.092188 0.135937
13 0.654687 0.839844 0.071875 0.064062
