4 0.172656 0.262500 0.076563 0.128125
10 0.332031 0.257031 0.067187 0.035937
5 0.457813 0.251563 0.065625 0.137500
13 0.622656 0.263281 0.064062 0.057813
6 0.747656 0.269531 0.054688 0.132812
7 0.179688 0.450000 0.087500 0.118750
12 0.336719 0.447656 0.070312 0.095312
8 0.460938 0.485156 0.071875 0.154688
13 0.668750 0.471875 0.081250 0.059375
14 0.788281 0.469531 0.064062 0.126562
0 0.142187 0.732031 0.040625 0.145313
11 0.299219 0.730469 0.076563 0.104688
1 0.468750 0.746094 0.100000 0.132812
13 0.659375 0.728906 0.068750 0.070312
2 0.779687 0.748437 0.081250 0.178125
