14 0.077344 0.085938 0.045312 0.071875
14 0.243750 0.086719 0.043750 0.073438
14 0.407813 0.101562 0.053125 0.096875
14 0.513281 0.084375 0.045312 0.068750
14 0.707031 0.083594 0.064062 0.104688
14 0.871094 0.067187 0.051562 0.087500
14 0.078125 0.207813 0.043750 0.081250
14 0.254688 0.217969 0.040625 0.057813
14 0.400000 0.221875 0.050000 0.090625
14 0.540625 0.224219 0.046875 0.070312
14 0.711719 0.233594 0.051562 0.098437
14 0.873437 0.228906 0.046875 0.067187
14 0.073438 0.380469 0.050000 0.101562
14 0.221875 0.371875 0.043750 0.065625
14 0.397656 0.371875 0.045312 0.087500
14 0.532813 0.369531 0.046875 0.098437
14 0.707031 0.353906 0.042188 0.070312
14 0.865625 0.384375 0.043750 0.096875
14 0.078906 0.513281 0.042188 0.073438
14 0.225781 0.502344 0.042188 0.057813
14 0.393750 0.517969 0.043750 0.107813
14 0.545312 0.531250 0.050000 0.096875
14 0.703125 0.489063 0.050000 0.100000
14 0.865625 0.513281 0.037500 0.104688
14 0.065625 0.688281 0.050000 0.098437
14 0.219531 0.701562 0.054688 0.065625
14 0.378906 0.697656 0.042188 0.089063
14 0.532813 0.703906 0.046875 0.089063
14 0.681250 0.679688 0.050000 0.090625
14 0.854688 0.669531 0.040625 0.079687
14 0.060937 0.892188 0.050000 0.087500
14 0.205469 0.877344 0.051562 0.073438
14 0.344531 0.856250 0.035937 0.084375
14 0.527344 0.911719 0.057813 0.104688
14 0.682031 0.890625 0.054688 0.087500
14 0.843750 0.857812 0.056250 0.106250
