0 0.096094 0.144531 0.023438 0.082812
0 0.262500 0.157031 0.025000 0.079687
0 0.100781 0.275000 0.032813 0.103125
0 0.094531 0.399219 0.035937 0.082812
0 0.081250 0.544531 0.031250 0.107813
0 0.078125 0.668750 0.018750 0.096875
0 0.071875 0.792188 0.028125 0.100000
0 0.261719 0.285156 0.029687 0.101562
0 0.258594 0.409375 0.042188 0.084375
0 0.250781 0.544531 0.032813 0.095312
0 0.246875 0.667188 0.034375 0.090625
0 0.249219 0.773438 0.026562 0.071875
0 0.422656 0.143750 0.032813 0.078125
0 0.428125 0.281250 0.037500 0.084375
0 0.428125 0.405469 0.037500 0.098437
0 0.426563 0.542188 0.034375 0.093750
0 0.428125 0.656250 0.025000 0.071875
0 0.425000 0.790625 0.031250 0.125000
0 0.592187 0.141406 0.028125 0.089063
0 0.589844 0.278125 0.035937 0.106250
0 0.600781 0.407813 0.039062 0.087500
0 0.589063 0.542969 0.034375 0.114062
0 0.605469 0.664844 0.048438 0.098437
0 0.597656 0.785937 0.039062 0.075000
0 0.774219 0.141406 0.035937 0.085938
0 0.774219 0.267969 0.035937 0.104688
0 0.779687 0.408594 0.037500 0.076563
0 0.760156 0.547656 0.039062 0.101562
0 0.766406 0.669531 0.026562 0.098437
0 0.772656 0.805469 0.032813 0.126562
0 0.932031 0.814844 0.020313 0.082812
0 0.935156 0.692187 0.020313 0.134375
0 0.928906 0.556250 0.032813 0.115625
0 0.926562 0.410156 0.031250 0.117188
0 0.924219 0.285156 0.032813 0.107813
0 0.925781 0.148438 0.032813 0.103125
