4 0.070312 0.148438 0.065625 0.100000
9 0.136719 0.159375 0.051562 0.087500
5 0.192188 0.140625 0.043750 0.106250
13 0.294531 0.156250 0.064062 0.046875
0 0.350781 0.157812 0.020313 0.081250
0 0.396094 0.155469 0.017188 0.120313
4 0.555469 0.161719 0.054688 0.082812
9 0.617188 0.172656 0.050000 0.064062
3 0.684375 0.175000 0.056250 0.096875
13 0.781250 0.165625 0.053125 0.040625
8 0.849219 0.179688 0.042188 0.125000
8 0.067969 0.320312 0.060937 0.109375
9 0.151562 0.315625 0.053125 0.087500
5 0.206250 0.304688 0.050000 0.100000
13 0.285938 0.314844 0.056250 0.051562
0 0.353906 0.311719 0.020313 0.101562
4 0.414844 0.301563 0.060937 0.087500
8 0.582031 0.306250 0.051562 0.121875
9 0.636719 0.303906 0.051562 0.082812
8 0.697656 0.329688 0.051562 0.131250
13 0.780469 0.315625 0.064062 0.040625
0 0.850781 0.322656 0.020313 0.079687
7 0.908594 0.321094 0.057813 0.089063
0 0.037500 0.493750 0.025000 0.103125
7 0.090625 0.489844 0.071875 0.107813
10 0.158594 0.493750 0.051562 0.025000
7 0.228906 0.490625 0.064062 0.090625
13 0.297656 0.490625 0.054688 0.046875
0 0.365625 0.487500 0.021875 0.090625
14 0.416406 0.486719 0.051562 0.082812
0 0.569531 0.492188 0.020313 0.078125
14 0.621875 0.489844 0.046875 0.076563
10 0.689844 0.491406 0.054688 0.017188
7 0.753125 0.496875 0.062500 0.096875
13 0.839844 0.500000 0.064062 0.037500
1 0.928125 0.488281 0.078125 0.092188
1 0.099219 0.634375 0.057813 0.062500
1 0.122656 0.803906 0.085938 0.079687
12 0.182031 0.622656 0.054688 0.064062
5 0.243750 0.610938 0.046875 0.075000
1 0.281250 0.796094 0.065625 0.076563
12 0.198437 0.805469 0.056250 0.076563
13 0.314844 0.621875 0.051562 0.046875
0 0.385156 0.621875 0.026562 0.087500
1 0.443750 0.622656 0.062500 0.067187
0 0.578125 0.621875 0.021875 0.081250
1 0.631250 0.610938 0.050000 0.065625
11 0.686719 0.610156 0.042188 0.057813
5 0.762500 0.607812 0.046875 0.096875
13 0.838281 0.622656 0.051562 0.045312
1 0.913281 0.625781 0.076563 0.085938
13 0.349219 0.791406 0.045312 0.054688
3 0.425781 0.807031 0.060937 0.117188
3 0.602344 0.792969 0.060937 0.101562
12 0.676562 0.796094 0.056250 0.085938
7 0.752344 0.794531 0.060937 0.085938
13 0.828906 0.799219 0.051562 0.042188
2 0.885938 0.802344 0.046875 0.101562
1 0.951562 0.799219 0.065625 0.082812
