3 0.249219 0.228125 0.073438 0.159375
9 0.375781 0.230469 0.070312 0.104688
4 0.505469 0.225781 0.092188 0.129688
13 0.635156 0.235937 0.076563 0.062500
5 0.751563 0.235156 0.053125 0.151562
6 0.227344 0.441406 0.085938 0.114062
8 0.216406 0.693750 0.076563 0.171875
11 0.360156 0.672656 0.089063 0.110937
14 0.507812 0.681250 0.093750 0.146875
13 0.681250 0.709375 0.081250 0.078125
0 0.773438 0.730469 0.028125 0.167187
10 0.360156 0.441406 0.070312 0.020313
7 0.497656 0.454688 0.095312 0.121875
13 0.645312 0.455469 0.087500 0.067187
8 0.750000 0.508594 0.071875 0.173437
