0 0.328906 0.121875 0.029687 0.134375
9 0.409375 0.129688 0.078125 0.109375
1 0.504687 0.129688 0.084375 0.106250
13 0.613281 0.139844 0.060937 0.070312
2 0.675781 0.135156 0.060937 0.107813
3 0.323437 0.387500 0.100000 0.156250
10 0.427344 0.377344 0.060937 0.023438
14 0.499219 0.389844 0.060937 0.107813
13 0.605469 0.401562 0.082812 0.056250
4 0.696875 0.391406 0.093750 0.142187
5 0.300781 0.589844 0.048438 0.129688
12 0.382031 0.597656 0.070312 0.120313
6 0.461719 0.598437 0.064062 0.128125
13 0.560156 0.617969 0.089063 0.076563
7 0.679688 0.599219 0.071875 0.114062
8 0.298438 0.846875 0.090625 0.171875
11 0.424219 0.839844 0.089063 0.145313
14 0.513281 0.833594 0.070312 0.098437
13 0.628125 0.844531 0.084375 0.082812
0 0.725000 0.842187 0.028125 0.181250
