7 0.292969 0.086719 0.101562 0.117188
9 0.384375 0.114844 0.068750 0.092188
0 0.442188 0.123438 0.025000 0.118750
13 0.525000 0.123438 0.084375 0.065625
8 0.632812 0.144531 0.065625 0.132812
6 0.302344 0.296094 0.089063 0.114062
10 0.416406 0.301563 0.079687 0.025000
5 0.486719 0.309375 0.054688 0.131250
13 0.604688 0.329688 0.081250 0.078125
0 0.692187 0.340625 0.046875 0.168750
1 0.307812 0.500781 0.106250 0.098437
12 0.410156 0.538281 0.089063 0.110937
2 0.496094 0.534375 0.051562 0.146875
13 0.600781 0.545312 0.085938 0.071875
4 0.713281 0.546094 0.132812 0.123438
3 0.310156 0.726562 0.123438 0.168750
11 0.427344 0.734375 0.076563 0.140625
0 0.515625 0.759375 0.043750 0.153125
13 0.618750 0.750000 0.096875 0.103125
5 0.721875 0.747656 0.081250 0.132812
