6 0.226562 0.192188 0.078125 0.168750
9 0.358594 0.209375 0.104688 0.162500
0 0.463281 0.211719 0.051562 0.164062
13 0.540625 0.208594 0.075000 0.089063
7 0.641406 0.215625 0.107813 0.153125
8 0.233594 0.438281 0.076563 0.185938
11 0.348438 0.444531 0.084375 0.126562
2 0.450000 0.444531 0.056250 0.107813
13 0.564844 0.446875 0.079687 0.075000
2 0.671094 0.453906 0.067187 0.126562
1 0.244531 0.639844 0.076563 0.101562
12 0.368750 0.648438 0.071875 0.140625
3 0.466406 0.665625 0.098437 0.168750
13 0.603906 0.660937 0.085938 0.075000
5 0.710156 0.650000 0.070312 0.150000
6 0.269531 0.874219 0.070312 0.154688
11 0.398438 0.878906 0.090625 0.145313
3 0.515625 0.887500 0.118750 0.165625
13 0.617969 0.884375 0.082812 0.084375
2 0.713281 0.897656 0.057813 0.145313
