8 0.265625 0.164062 0.087500 0.165625
9 0.387500 0.164062 0.115625 0.215625
0 0.477344 0.164062 0.064062 0.178125
13 0.591406 0.180469 0.101562 0.085938
8 0.705469 0.197656 0.076563 0.182812
7 0.254688 0.401562 0.084375 0.125000
10 0.353906 0.412500 0.073438 0.021875
6 0.450781 0.413281 0.067187 0.126562
13 0.586719 0.415625 0.089063 0.075000
5 0.707031 0.408594 0.085938 0.157812
4 0.253906 0.596875 0.092188 0.143750
12 0.353906 0.601562 0.089063 0.140625
3 0.459375 0.611719 0.100000 0.151562
13 0.622656 0.614844 0.073438 0.079687
2 0.703125 0.631250 0.053125 0.118750
1 0.256250 0.832031 0.100000 0.104688
11 0.381250 0.832812 0.093750 0.131250
0 0.488281 0.848437 0.039062 0.121875
13 0.626563 0.854688 0.103125 0.093750
1 0.755469 0.848437 0.095312 0.112500
