7 0.285938 0.146875 0.090625 0.168750
9 0.397656 0.170313 0.095312 0.168750
3 0.510156 0.186719 0.120313 0.210938
13 0.628125 0.179688 0.087500 0.075000
6 0.750000 0.154688 0.081250 0.153125
0 0.253125 0.404687 0.031250 0.125000
9 0.329688 0.392188 0.078125 0.125000
1 0.447656 0.392969 0.079687 0.085938
13 0.583594 0.396875 0.085938 0.071875
2 0.696094 0.407813 0.060937 0.125000
3 0.237500 0.616406 0.125000 0.179688
11 0.379688 0.633594 0.090625 0.145313
5 0.502344 0.606250 0.098437 0.168750
13 0.625000 0.618750 0.103125 0.084375
4 0.732812 0.610156 0.134375 0.157812
8 0.233594 0.880469 0.098437 0.164062
10 0.370312 0.862500 0.084375 0.031250
2 0.458594 0.873437 0.067187 0.143750
13 0.592187 0.880469 0.096875 0.085938
5 0.717187 0.856250 0.078125 0.165625
