0 0.213281 0.120313 0.026562 0.125000
9 0.360938 0.118750 0.068750 0.081250
1 0.497656 0.121875 0.089063 0.093750
13 0.640625 0.124219 0.081250 0.067187
2 0.767188 0.134375 0.071875 0.143750
3 0.209375 0.325000 0.087500 0.131250
12 0.362500 0.339844 0.065625 0.085938
4 0.500000 0.341406 0.078125 0.132812
13 0.646875 0.332031 0.065625 0.051562
5 0.768750 0.328906 0.068750 0.135937
6 0.224219 0.556250 0.073438 0.153125
10 0.375781 0.521875 0.057813 0.018750
7 0.519531 0.543750 0.076563 0.134375
13 0.668750 0.540625 0.071875 0.056250
8 0.759375 0.575000 0.065625 0.171875
8 0.223438 0.817187 0.075000 0.184375
11 0.382031 0.765625 0.070312 0.106250
14 0.510156 0.778125 0.070312 0.131250
13 0.672656 0.760938 0.064062 0.050000
0 0.752344 0.778125 0.023438 0.140625
