7 0.250000 0.160938 0.065625 0.146875
9 0.380469 0.171875 0.085938 0.103125
8 0.491406 0.185156 0.085938 0.145313
13 0.635156 0.182812 0.067187 0.065625
14 0.735156 0.185156 0.067187 0.107813
0 0.218750 0.392188 0.021875 0.118750
11 0.372656 0.375000 0.082812 0.121875
1 0.506250 0.383594 0.090625 0.098437
13 0.644531 0.385937 0.067187 0.059375
2 0.732031 0.402344 0.092188 0.142187
3 0.239844 0.607812 0.092188 0.137500
9 0.389844 0.600781 0.057813 0.095312
4 0.539062 0.623437 0.090625 0.134375
13 0.659375 0.605469 0.062500 0.060937
5 0.757031 0.600000 0.060937 0.137500
6 0.219531 0.835156 0.070312 0.123438
10 0.378906 0.796875 0.067187 0.028125
7 0.507031 0.817187 0.082812 0.143750
13 0.658594 0.822656 0.079687 0.067187
14 0.770312 0.807813 0.056250 0.100000
