14 0.264062 0.132812 0.081250 0.121875
11 0.372656 0.132031 0.064062 0.095312
0 0.478906 0.140625 0.026562 0.168750
13 0.616406 0.142969 0.089063 0.073438
1 0.767188 0.140625 0.109375 0.125000
2 0.262500 0.406250 0.087500 0.153125
12 0.396875 0.390625 0.081250 0.115625
3 0.524219 0.389062 0.085938 0.150000
13 0.641406 0.378125 0.076563 0.071875
4 0.786719 0.392188 0.089063 0.143750
5 0.257812 0.591406 0.068750 0.173437
9 0.410156 0.605469 0.076563 0.104688
6 0.533594 0.610156 0.070312 0.154688
13 0.661719 0.597656 0.073438 0.073438
7 0.774219 0.607812 0.076563 0.140625
7 0.264062 0.818750 0.081250 0.159375
10 0.411719 0.810156 0.079687 0.017188
8 0.526563 0.825000 0.084375 0.175000
13 0.678906 0.815625 0.070312 0.065625
14 0.794531 0.821094 0.067187 0.129688
