0 0.083594 0.157812 0.032813 0.096875
0 0.256250 0.143750 0.028125 0.065625
0 0.434375 0.135156 0.025000 0.095312
0 0.599219 0.125781 0.029687 0.064062
0 0.777344 0.139844 0.039062 0.117188
0 0.917969 0.134375 0.029687 0.090625
0 0.071875 0.297656 0.034375 0.089063
0 0.248438 0.286719 0.028125 0.092188
0 0.423438 0.286719 0.028125 0.092188
0 0.587500 0.273438 0.034375 0.093750
0 0.783594 0.277344 0.035937 0.085938
0 0.927344 0.296875 0.029687 0.121875
0 0.077344 0.432812 0.032813 0.093750
0 0.243750 0.411719 0.034375 0.082812
0 0.432812 0.399219 0.031250 0.079687
0 0.571094 0.400000 0.029687 0.093750
0 0.792969 0.413281 0.042188 0.095312
0 0.942187 0.435937 0.031250 0.106250
0 0.087500 0.542969 0.037500 0.073438
0 0.244531 0.519531 0.042188 0.079687
0 0.421094 0.516406 0.032813 0.101562
0 0.569531 0.528125 0.042188 0.100000
0 0.801562 0.526563 0.031250 0.081250
0 0.949219 0.695312 0.054688 0.112500
0 0.082812 0.715625 0.043750 0.106250
0 0.250000 0.707812 0.046875 0.093750
0 0.416406 0.675000 0.032813 0.071875
0 0.574219 0.698438 0.026562 0.109375
0 0.753906 0.714844 0.039062 0.123438
0 0.072656 0.868750 0.042188 0.109375
0 0.253125 0.875781 0.025000 0.129688
0 0.412500 0.841406 0.037500 0.104688
0 0.569531 0.849219 0.032813 0.120313
0 0.750781 0.866406 0.029687 0.123438
0 0.971094 0.868750 0.026562 0.121875
