8 0.257812 0.121094 0.078125 0.160938
11 0.381250 0.104688 0.084375 0.115625
4 0.507812 0.120313 0.081250 0.125000
13 0.663281 0.111719 0.089063 0.064062
5 0.800781 0.100000 0.073438 0.146875
6 0.283594 0.361719 0.101562 0.157812
12 0.447656 0.367969 0.076563 0.120313
7 0.567969 0.353125 0.085938 0.134375
13 0.688281 0.349219 0.089063 0.064062
2 0.808594 0.355469 0.085938 0.148438
3 0.295312 0.615625 0.109375 0.181250
10 0.438281 0.600781 0.085938 0.029687
14 0.535937 0.614844 0.071875 0.123438
13 0.669531 0.609375 0.092188 0.059375
0 0.757812 0.607812 0.028125 0.153125
0 0.249219 0.889844 0.032813 0.185938
9 0.403125 0.849219 0.090625 0.110937
1 0.573438 0.845313 0.121875 0.131250
13 0.714844 0.863281 0.092188 0.076563
2 0.850000 0.867188 0.087500 0.146875
