1 0.121875 0.149219 0.068750 0.076563
1 0.264844 0.133594 0.076563 0.073438
1 0.420312 0.130469 0.062500 0.070312
1 0.571875 0.133594 0.062500 0.067187
1 0.715625 0.133594 0.071875 0.079687
1 0.859375 0.117969 0.087500 0.073438
1 0.114844 0.280469 0.057813 0.070312
1 0.264062 0.276562 0.062500 0.068750
1 0.410156 0.268750 0.070312 0.075000
1 0.567969 0.267969 0.079687 0.082812
1 0.728125 0.265625 0.071875 0.075000
1 0.867188 0.260156 0.068750 0.079687
1 0.107813 0.417187 0.053125 0.078125
1 0.265625 0.427344 0.065625 0.073438
1 0.414844 0.417969 0.067187 0.079687
1 0.578906 0.414844 0.085938 0.079687
1 0.735938 0.409375 0.081250 0.087500
1 0.878125 0.407813 0.090625 0.065625
1 0.100781 0.562500 0.073438 0.071875
1 0.263281 0.560156 0.064062 0.082812
1 0.426563 0.557813 0.078125 0.081250
1 0.603906 0.552344 0.104688 0.076563
1 0.746875 0.551562 0.075000 0.065625
1 0.885938 0.553906 0.090625 0.070312
1 0.084375 0.699219 0.068750 0.070312
1 0.248438 0.698438 0.068750 0.087500
1 0.411719 0.696094 0.064062 0.082812
1 0.596094 0.708594 0.070312 0.085938
1 0.752344 0.707812 0.070312 0.075000
1 0.896094 0.718750 0.095312 0.100000
1 0.073438 0.879687 0.075000 0.090625
1 0.236719 0.865625 0.070312 0.078125
1 0.409375 0.860938 0.068750 0.081250
1 0.605469 0.870313 0.089063 0.112500
1 0.757812 0.865625 0.096875 0.093750
1 0.921094 0.890625 0.095312 0.115625
