1 0.080469 0.110937 0.067187 0.087500
1 0.259375 0.106250 0.071875 0.078125
1 0.397656 0.102344 0.051562 0.073438
1 0.568750 0.087500 0.078125 0.087500
1 0.736719 0.077344 0.076563 0.089063
1 0.910937 0.071875 0.078125 0.078125
1 0.089063 0.272656 0.084375 0.076563
1 0.275781 0.248438 0.067187 0.084375
1 0.421094 0.246094 0.070312 0.079687
1 0.585156 0.238281 0.092188 0.089063
1 0.750000 0.243750 0.090625 0.071875
1 0.921875 0.250000 0.087500 0.081250
1 0.088281 0.410938 0.076563 0.093750
1 0.271094 0.390625 0.070312 0.081250
1 0.435156 0.387500 0.085938 0.081250
1 0.584375 0.392188 0.081250 0.087500
1 0.739844 0.391406 0.076563 0.089063
1 0.902344 0.398438 0.070312 0.084375
1 0.082812 0.548438 0.062500 0.087500
1 0.265625 0.543750 0.059375 0.071875
1 0.424219 0.550000 0.076563 0.075000
1 0.578125 0.562500 0.075000 0.084375
1 0.757031 0.567969 0.089063 0.085938
1 0.907031 0.567969 0.098437 0.092188
1 0.076563 0.708594 0.081250 0.092188
1 0.250000 0.715625 0.075000 0.084375
1 0.408594 0.725781 0.079687 0.101562
1 0.570312 0.726562 0.084375 0.100000
1 0.749219 0.735938 0.082812 0.093750
1 0.903906 0.746875 0.079687 0.093750
1 0.072656 0.890625 0.070312 0.090625
1 0.235156 0.895312 0.082812 0.068750
1 0.399219 0.904687 0.079687 0.078125
1 0.563281 0.914844 0.082812 0.089063
1 0.737500 0.917188 0.093750 0.087500
1 0.912500 0.938281 0.100000 0.114062
