1 0.125781 0.094531 0.067187 0.101562
1 0.284375 0.097656 0.065625 0.095312
1 0.435156 0.100000 0.067187 0.081250
1 0.604688 0.114844 0.084375 0.117188
1 0.749219 0.093750 0.051562 0.084375
1 0.887500 0.083594 0.090625 0.098437
1 0.878906 0.255469 0.076563 0.079687
1 0.108594 0.273438 0.073438 0.093750
1 0.274219 0.265625 0.073438 0.087500
1 0.446875 0.260156 0.087500 0.076563
1 0.616406 0.274219 0.085938 0.079687
1 0.753906 0.259375 0.067187 0.084375
1 0.104688 0.448437 0.065625 0.090625
1 0.277344 0.419531 0.070312 0.076563
1 0.445312 0.421875 0.090625 0.100000
1 0.617188 0.403125 0.068750 0.075000
1 0.757031 0.403906 0.067187 0.095312
1 0.900000 0.393750 0.090625 0.103125
1 0.109375 0.577344 0.071875 0.079687
1 0.274219 0.578125 0.070312 0.081250
1 0.453906 0.567187 0.085938 0.081250
1 0.603125 0.554688 0.081250 0.084375
1 0.758594 0.542969 0.070312 0.073438
1 0.907031 0.549219 0.085938 0.095312
1 0.100781 0.739844 0.067187 0.092188
1 0.077344 0.915625 0.098437 0.109375
1 0.261719 0.725781 0.076563 0.082812
1 0.244531 0.907031 0.067187 0.101562
1 0.446875 0.705469 0.081250 0.079687
1 0.421875 0.900000 0.071875 0.087500
1 0.586719 0.709375 0.076563 0.084375
1 0.585938 0.896875 0.093750 0.087500
1 0.747656 0.706250 0.082812 0.112500
1 0.744531 0.907813 0.104688 0.115625
1 0.897656 0.707031 0.085938 0.089063
1 0.923438 0.896875 0.090625 0.118750
