1 0.112500 0.074219 0.078125 0.073438
1 0.249219 0.078125 0.067187 0.068750
1 0.401562 0.077344 0.071875 0.079687
1 0.567969 0.078125 0.085938 0.081250
1 0.721875 0.072656 0.084375 0.079687
1 0.900781 0.061719 0.110937 0.079687
1 0.085938 0.245312 0.081250 0.090625
1 0.239063 0.249219 0.062500 0.067187
1 0.399219 0.256250 0.067187 0.075000
1 0.571875 0.253906 0.075000 0.073438
1 0.742188 0.247656 0.065625 0.076563
1 0.900781 0.249219 0.085938 0.085938
1 0.100781 0.382031 0.073438 0.079687
1 0.249219 0.391406 0.085938 0.082812
1 0.413281 0.388281 0.095312 0.073438
1 0.574219 0.382812 0.089063 0.075000
1 0.757031 0.382812 0.070312 0.065625
1 0.903906 0.379688 0.082812 0.078125
1 0.092969 0.541406 0.073438 0.085938
1 0.260937 0.536719 0.078125 0.070312
1 0.397656 0.541406 0.089063 0.079687
1 0.570312 0.543750 0.096875 0.081250
1 0.747656 0.542188 0.076563 0.071875
1 0.915625 0.531250 0.093750 0.100000
1 0.078125 0.689844 0.090625 0.101562
1 0.255469 0.682813 0.079687 0.075000
1 0.389062 0.678906 0.081250 0.092188
1 0.557813 0.692969 0.075000 0.082812
1 0.769531 0.689063 0.104688 0.081250
1 0.917969 0.687500 0.089063 0.100000
1 0.066406 0.871875 0.082812 0.093750
1 0.247656 0.848437 0.089063 0.093750
1 0.397656 0.849219 0.079687 0.101562
1 0.571094 0.846875 0.089063 0.093750
1 0.755469 0.842969 0.082812 0.101562
1 0.928906 0.872656 0.079687 0.120313
