1 0.106250 0.102344 0.065625 0.067187
1 0.280469 0.082031 0.082812 0.076563
1 0.435937 0.086719 0.071875 0.073438
1 0.599219 0.078906 0.070312 0.073438
1 0.742188 0.066406 0.078125 0.085938
1 0.900781 0.055469 0.104688 0.082812
1 0.097656 0.273438 0.070312 0.096875
1 0.254688 0.259375 0.062500 0.087500
1 0.435156 0.243750 0.070312 0.075000
1 0.578125 0.240625 0.071875 0.081250
1 0.750000 0.235937 0.068750 0.078125
1 0.900000 0.225000 0.090625 0.096875
1 0.096094 0.445312 0.079687 0.093750
1 0.236719 0.430469 0.067187 0.085938
1 0.432812 0.420312 0.071875 0.081250
1 0.587500 0.410156 0.081250 0.082812
1 0.751563 0.408594 0.071875 0.073438
1 0.895312 0.405469 0.084375 0.098437
1 0.062500 0.592969 0.084375 0.092188
1 0.231250 0.583594 0.084375 0.085938
1 0.430469 0.574219 0.089063 0.085938
1 0.578125 0.567969 0.068750 0.092188
1 0.752344 0.562500 0.089063 0.093750
1 0.910156 0.561719 0.076563 0.101562
1 0.064844 0.733594 0.079687 0.092188
1 0.240625 0.704688 0.084375 0.078125
1 0.428125 0.687500 0.084375 0.084375
1 0.585938 0.702344 0.090625 0.101562
1 0.735156 0.705469 0.073438 0.085938
1 0.902344 0.719531 0.082812 0.101562
1 0.067969 0.917969 0.098437 0.092188
1 0.243750 0.914844 0.112500 0.092188
1 0.428906 0.900000 0.110937 0.118750
1 0.586719 0.897656 0.098437 0.120313
1 0.723437 0.886719 0.087500 0.104688
1 0.900000 0.886719 0.118750 0.110937
