1 0.070312 0.117969 0.056250 0.085938
1 0.261719 0.117188 0.067187 0.071875
1 0.432812 0.120313 0.075000 0.078125
1 0.607812 0.125000 0.068750 0.081250
1 0.764844 0.121875 0.070312 0.090625
1 0.943750 0.127344 0.093750 0.085938
1 0.939063 0.305469 0.090625 0.098437
1 0.101562 0.292187 0.075000 0.078125
1 0.275781 0.286719 0.079687 0.082812
1 0.450000 0.291406 0.081250 0.089063
1 0.627344 0.298438 0.076563 0.093750
1 0.753906 0.315625 0.070312 0.087500
1 0.104688 0.453125 0.062500 0.093750
1 0.263281 0.439063 0.064062 0.087500
1 0.442969 0.439844 0.057813 0.085938
1 0.601562 0.442969 0.078125 0.085938
1 0.758594 0.440625 0.070312 0.078125
1 0.914844 0.432812 0.067187 0.071875
1 0.084375 0.603125 0.059375 0.081250
1 0.264062 0.599219 0.068750 0.089063
1 0.421875 0.603125 0.059375 0.087500
1 0.595313 0.589063 0.065625 0.078125
1 0.739844 0.601562 0.064062 0.078125
1 0.899219 0.599219 0.095312 0.073438
1 0.072656 0.733594 0.076563 0.085938
1 0.246875 0.732031 0.075000 0.082812
1 0.425000 0.737500 0.084375 0.090625
1 0.578125 0.744531 0.065625 0.082812
1 0.728125 0.742188 0.071875 0.087500
1 0.875781 0.753906 0.082812 0.101562
1 0.075781 0.882031 0.082812 0.089063
1 0.249219 0.883594 0.085938 0.085938
1 0.403125 0.890625 0.062500 0.081250
1 0.560937 0.898438 0.071875 0.087500
1 0.708594 0.910156 0.085938 0.095312
1 0.867188 0.913281 0.084375 0.101562
