1 0.074219 0.102344 0.067187 0.085938
1 0.242969 0.086719 0.060937 0.085938
1 0.407813 0.084375 0.062500 0.093750
1 0.569531 0.080469 0.073438 0.079687
1 0.739062 0.083594 0.050000 0.085938
1 0.900781 0.082031 0.067187 0.095312
1 0.100000 0.279687 0.065625 0.090625
1 0.092969 0.437500 0.067187 0.087500
1 0.096094 0.596094 0.085938 0.085938
1 0.072656 0.730469 0.082812 0.101562
1 0.060937 0.889062 0.068750 0.093750
1 0.249219 0.271094 0.064062 0.085938
1 0.256250 0.418750 0.059375 0.081250
1 0.256250 0.574219 0.065625 0.089063
1 0.243750 0.719531 0.068750 0.107813
1 0.236719 0.896094 0.076563 0.107813
1 0.425000 0.258594 0.065625 0.085938
1 0.435937 0.428125 0.068750 0.093750
1 0.425781 0.562500 0.064062 0.081250
1 0.409375 0.710938 0.059375 0.100000
1 0.402344 0.905469 0.085938 0.092188
1 0.573438 0.261719 0.075000 0.085938
1 0.579688 0.421875 0.078125 0.096875
1 0.583594 0.582031 0.073438 0.092188
1 0.580469 0.714063 0.085938 0.093750
1 0.570312 0.907813 0.090625 0.100000
1 0.734375 0.254688 0.062500 0.081250
1 0.744531 0.415625 0.085938 0.093750
1 0.756250 0.576562 0.100000 0.090625
1 0.751563 0.715625 0.081250 0.093750
1 0.725781 0.907031 0.089063 0.101562
1 0.909375 0.898438 0.090625 0.106250
1 0.915625 0.717187 0.096875 0.090625
1 0.905469 0.577344 0.060937 0.095312
1 0.899219 0.416406 0.079687 0.089063
1 0.886719 0.265625 0.082812 0.087500
