1 0.048438 0.070312 0.059375 0.068750
1 0.214062 0.077344 0.059375 0.073438
1 0.373437 0.079687 0.065625 0.081250
1 0.548438 0.091406 0.068750 0.082812
1 0.731250 0.101562 0.068750 0.081250
1 0.882812 0.117188 0.062500 0.075000
1 0.089063 0.221875 0.084375 0.087500
1 0.232031 0.224219 0.070312 0.082812
1 0.399219 0.237500 0.079687 0.084375
1 0.600781 0.239844 0.079687 0.079687
1 0.742969 0.236719 0.051562 0.057813
1 0.871094 0.245312 0.060937 0.078125
1 0.104688 0.403906 0.075000 0.098437
1 0.262500 0.407031 0.087500 0.085938
1 0.433594 0.407813 0.092188 0.093750
1 0.603906 0.406250 0.079687 0.065625
1 0.747656 0.397656 0.085938 0.085938
1 0.888281 0.405469 0.073438 0.089063
1 0.096875 0.589844 0.075000 0.095312
1 0.269531 0.572656 0.067187 0.067187
1 0.442188 0.563281 0.084375 0.082812
1 0.616406 0.575000 0.085938 0.084375
1 0.751563 0.558594 0.081250 0.073438
1 0.892969 0.561719 0.082812 0.085938
1 0.086719 0.760156 0.085938 0.110937
1 0.271094 0.735156 0.082812 0.095312
1 0.443750 0.713281 0.081250 0.095312
1 0.635156 0.733594 0.073438 0.098437
1 0.785156 0.717187 0.073438 0.081250
1 0.934375 0.707812 0.087500 0.087500
1 0.075781 0.916406 0.076563 0.089063
1 0.260156 0.885156 0.079687 0.082812
1 0.450781 0.883594 0.092188 0.098437
1 0.634375 0.878906 0.084375 0.095312
1 0.787500 0.885156 0.096875 0.101562
1 0.939844 0.880469 0.092188 0.101562
