1 0.091406 0.116406 0.057813 0.057813
1 0.264844 0.113281 0.057813 0.064062
1 0.416406 0.115625 0.067187 0.068750
1 0.598437 0.116406 0.059375 0.060937
1 0.760156 0.116406 0.070312 0.076563
1 0.902344 0.117188 0.076563 0.078125
1 0.094531 0.262500 0.070312 0.096875
1 0.264062 0.243750 0.075000 0.078125
1 0.410156 0.248438 0.070312 0.065625
1 0.581250 0.260937 0.071875 0.075000
1 0.748437 0.261719 0.084375 0.064062
1 0.905469 0.272656 0.089063 0.073438
1 0.088281 0.400000 0.076563 0.075000
1 0.267188 0.393750 0.071875 0.065625
1 0.412500 0.402344 0.081250 0.079687
1 0.588281 0.409375 0.085938 0.068750
1 0.743750 0.416406 0.084375 0.082812
1 0.897656 0.416406 0.085938 0.079687
1 0.079687 0.551562 0.068750 0.071875
1 0.256250 0.553906 0.081250 0.089063
1 0.409375 0.554688 0.071875 0.106250
1 0.598437 0.546875 0.090625 0.103125
1 0.764844 0.542188 0.082812 0.087500
1 0.890625 0.553906 0.087500 0.092188
1 0.083594 0.709375 0.073438 0.078125
1 0.239063 0.700000 0.075000 0.096875
1 0.417969 0.703906 0.092188 0.082812
1 0.585938 0.696094 0.084375 0.092188
1 0.759375 0.698438 0.103125 0.075000
1 0.900781 0.703906 0.098437 0.089063
1 0.069531 0.878906 0.085938 0.095312
1 0.242188 0.853125 0.093750 0.090625
1 0.412500 0.856250 0.081250 0.103125
1 0.579688 0.856250 0.081250 0.084375
1 0.757031 0.859375 0.110937 0.109375
1 0.910156 0.871875 0.085938 0.090625
