0 0.127344 0.132812 0.029687 0.121875
0 0.283594 0.124219 0.039062 0.107813
0 0.405469 0.125781 0.029687 0.110937
0 0.557813 0.125781 0.037500 0.104688
0 0.683594 0.132812 0.045312 0.084375
0 0.874219 0.121094 0.039062 0.135937
0 0.117969 0.296875 0.026562 0.112500
0 0.115625 0.459375 0.031250 0.106250
0 0.256250 0.448437 0.043750 0.115625
0 0.270313 0.277344 0.028125 0.085938
0 0.409375 0.292187 0.043750 0.109375
0 0.536719 0.289844 0.032813 0.101562
0 0.678906 0.294531 0.042188 0.126562
0 0.857031 0.290625 0.039062 0.090625
0 0.397656 0.457813 0.026562 0.109375
0 0.541406 0.445312 0.032813 0.128125
0 0.671094 0.435156 0.039062 0.082812
0 0.863281 0.457031 0.048438 0.135937
0 0.105469 0.604688 0.026562 0.093750
0 0.242188 0.604688 0.028125 0.096875
0 0.390625 0.598437 0.031250 0.100000
0 0.532031 0.595313 0.029687 0.115625
0 0.670312 0.585156 0.025000 0.132812
0 0.853906 0.603125 0.029687 0.112500
0 0.862500 0.737500 0.040625 0.103125
0 0.688281 0.732812 0.048438 0.118750
0 0.536719 0.732031 0.026562 0.095312
0 0.384375 0.742969 0.025000 0.117188
0 0.242969 0.729688 0.023438 0.078125
0 0.088281 0.737500 0.035937 0.096875
0 0.082812 0.868750 0.028125 0.106250
0 0.229687 0.871875 0.034375 0.087500
0 0.383594 0.878906 0.035937 0.098437
0 0.535937 0.896875 0.021875 0.109375
0 0.696094 0.914062 0.032813 0.118750
0 0.851562 0.909375 0.034375 0.103125
