1 0.103125 0.086719 0.065625 0.073438
1 0.257812 0.071094 0.065625 0.079687
1 0.415625 0.060937 0.071875 0.084375
1 0.602344 0.073438 0.089063 0.084375
1 0.771094 0.078906 0.085938 0.092188
1 0.917969 0.090625 0.070312 0.090625
1 0.116406 0.222656 0.060937 0.070312
1 0.260937 0.222656 0.062500 0.082812
1 0.414062 0.217969 0.075000 0.076563
1 0.604688 0.226562 0.087500 0.084375
1 0.774219 0.242188 0.079687 0.078125
1 0.911719 0.261719 0.064062 0.110937
1 0.111719 0.415625 0.079687 0.096875
1 0.257812 0.418750 0.075000 0.081250
1 0.420312 0.410156 0.081250 0.095312
1 0.597656 0.421875 0.098437 0.093750
1 0.760938 0.417969 0.075000 0.092188
1 0.914062 0.453906 0.068750 0.092188
1 0.116406 0.579688 0.064062 0.084375
1 0.265625 0.566406 0.081250 0.095312
1 0.421094 0.573438 0.070312 0.090625
1 0.604688 0.582031 0.068750 0.089063
1 0.743750 0.568750 0.071875 0.090625
1 0.895312 0.577344 0.068750 0.092188
1 0.103125 0.735156 0.065625 0.070312
1 0.271875 0.719531 0.075000 0.082812
1 0.426563 0.730469 0.081250 0.092188
1 0.585156 0.723437 0.079687 0.084375
1 0.731250 0.721094 0.081250 0.098437
1 0.899219 0.722656 0.101562 0.089063
1 0.104688 0.893750 0.068750 0.087500
1 0.246875 0.891406 0.068750 0.095312
1 0.418750 0.896875 0.112500 0.087500
1 0.571094 0.900000 0.073438 0.100000
1 0.720313 0.888281 0.096875 0.095312
1 0.873437 0.905469 0.100000 0.117188
