1 0.091406 0.128906 0.060937 0.079687
1 0.262500 0.110156 0.075000 0.073438
1 0.400781 0.110937 0.076563 0.065625
1 0.593750 0.107031 0.093750 0.070312
1 0.745313 0.108594 0.068750 0.067187
1 0.872656 0.110156 0.076563 0.070312
1 0.096875 0.265625 0.065625 0.081250
1 0.258594 0.261719 0.070312 0.079687
1 0.407031 0.250000 0.073438 0.081250
1 0.586719 0.250000 0.079687 0.078125
1 0.760938 0.247656 0.071875 0.079687
1 0.877344 0.251563 0.070312 0.075000
1 0.096875 0.421875 0.071875 0.078125
1 0.254688 0.417187 0.075000 0.078125
1 0.409375 0.408594 0.071875 0.085938
1 0.592187 0.407031 0.096875 0.082812
1 0.762500 0.400781 0.081250 0.089063
1 0.889844 0.411719 0.057813 0.076563
1 0.105469 0.572656 0.076563 0.070312
1 0.256250 0.563281 0.065625 0.082812
1 0.414844 0.557031 0.085938 0.082812
1 0.589063 0.550000 0.084375 0.075000
1 0.738281 0.543750 0.076563 0.087500
1 0.882031 0.550781 0.054688 0.089063
1 0.075000 0.732812 0.056250 0.084375
1 0.250781 0.725000 0.089063 0.075000
1 0.404687 0.715625 0.087500 0.087500
1 0.562500 0.710156 0.065625 0.089063
1 0.730469 0.711719 0.079687 0.079687
1 0.889062 0.696875 0.071875 0.081250
1 0.078906 0.897656 0.076563 0.082812
1 0.244531 0.897656 0.089063 0.095312
1 0.400781 0.890625 0.092188 0.090625
1 0.560156 0.886719 0.085938 0.085938
1 0.725000 0.884375 0.081250 0.087500
1 0.881250 0.884375 0.081250 0.100000
