1 0.104688 0.164844 0.081250 0.082812
1 0.244531 0.158594 0.070312 0.060937
1 0.384375 0.151562 0.071875 0.084375
1 0.559375 0.145313 0.056250 0.078125
1 0.722656 0.149219 0.067187 0.089063
1 0.916406 0.142187 0.073438 0.081250
1 0.110937 0.302344 0.062500 0.095312
1 0.260937 0.303906 0.068750 0.070312
1 0.403125 0.289844 0.062500 0.073438
1 0.588281 0.294531 0.079687 0.095312
1 0.741406 0.304688 0.082812 0.081250
1 0.908594 0.306250 0.067187 0.093750
1 0.092969 0.456250 0.064062 0.084375
1 0.250000 0.445312 0.059375 0.078125
1 0.408594 0.444531 0.067187 0.073438
1 0.583594 0.449219 0.076563 0.085938
1 0.739844 0.468750 0.070312 0.087500
1 0.902344 0.460938 0.076563 0.081250
1 0.075000 0.599219 0.065625 0.089063
1 0.241406 0.587500 0.070312 0.078125
1 0.398438 0.592969 0.056250 0.073438
1 0.585156 0.596875 0.076563 0.084375
1 0.764844 0.610156 0.076563 0.082812
1 0.914844 0.602344 0.098437 0.079687
1 0.059375 0.726562 0.065625 0.084375
1 0.235937 0.728906 0.068750 0.070312
1 0.396094 0.714844 0.085938 0.079687
1 0.570312 0.725781 0.075000 0.085938
1 0.760938 0.737500 0.078125 0.087500
1 0.913281 0.738281 0.089063 0.089063
1 0.047656 0.875000 0.089063 0.087500
1 0.225781 0.874219 0.085938 0.089063
1 0.392188 0.867969 0.084375 0.098437
1 0.563281 0.868750 0.089063 0.087500
1 0.773438 0.884375 0.096875 0.103125
1 0.942187 0.908594 0.112500 0.126562
