1 0.131250 0.099219 0.090625 0.085938
1 0.289062 0.085156 0.056250 0.082812
1 0.416406 0.083594 0.070312 0.082812
1 0.544531 0.067969 0.070312 0.076563
1 0.708594 0.071094 0.073438 0.095312
1 0.882031 0.055469 0.092188 0.089063
1 0.107813 0.243750 0.056250 0.090625
1 0.287500 0.239063 0.065625 0.084375
1 0.435937 0.233594 0.065625 0.085938
1 0.577344 0.230469 0.076563 0.082812
1 0.726562 0.231250 0.068750 0.084375
1 0.879687 0.233594 0.081250 0.095312
1 0.110937 0.396094 0.078125 0.101562
1 0.282031 0.385937 0.079687 0.100000
1 0.432812 0.373437 0.071875 0.084375
1 0.591406 0.375781 0.076563 0.085938
1 0.733594 0.387500 0.060937 0.093750
1 0.892188 0.393750 0.084375 0.090625
1 0.106250 0.559375 0.065625 0.078125
1 0.272656 0.542188 0.070312 0.087500
1 0.448437 0.514844 0.081250 0.082812
1 0.606250 0.541406 0.075000 0.095312
1 0.749219 0.546875 0.089063 0.078125
1 0.896875 0.540625 0.093750 0.087500
1 0.089844 0.700000 0.067187 0.075000
1 0.275000 0.696094 0.078125 0.076563
1 0.436719 0.700781 0.079687 0.101562
1 0.591406 0.708594 0.073438 0.079687
1 0.735156 0.720313 0.057813 0.100000
1 0.899219 0.708594 0.082812 0.085938
1 0.078906 0.864844 0.076563 0.092188
1 0.242188 0.879687 0.062500 0.103125
1 0.443750 0.887500 0.081250 0.096875
1 0.578125 0.887500 0.078125 0.093750
1 0.728125 0.896875 0.068750 0.093750
1 0.882031 0.908594 0.092188 0.085938
