1 0.067969 0.085156 0.054688 0.064062
1 0.239844 0.076563 0.060937 0.087500
1 0.410156 0.075000 0.070312 0.075000
1 0.569531 0.070312 0.064062 0.081250
1 0.737500 0.064062 0.075000 0.081250
1 0.912500 0.063281 0.075000 0.079687
1 0.077344 0.213281 0.060937 0.067187
1 0.250000 0.217188 0.059375 0.065625
1 0.408594 0.212500 0.064062 0.078125
1 0.575000 0.215625 0.059375 0.071875
1 0.737500 0.213281 0.081250 0.079687
1 0.909375 0.215625 0.065625 0.071875
1 0.071875 0.378125 0.062500 0.075000
1 0.250000 0.378906 0.059375 0.073438
1 0.414062 0.383594 0.062500 0.079687
1 0.578906 0.377344 0.070312 0.089063
1 0.752344 0.380469 0.076563 0.089063
1 0.910937 0.383594 0.087500 0.082812
1 0.075781 0.546094 0.073438 0.073438
1 0.053125 0.711719 0.081250 0.085938
1 0.045312 0.860938 0.075000 0.075000
1 0.260156 0.531250 0.070312 0.071875
1 0.247656 0.695312 0.070312 0.087500
1 0.239844 0.858594 0.079687 0.092188
1 0.422656 0.845313 0.085938 0.081250
1 0.432812 0.528906 0.068750 0.079687
1 0.584375 0.536719 0.078125 0.085938
1 0.762500 0.537500 0.093750 0.081250
1 0.915625 0.547656 0.087500 0.082812
1 0.417187 0.691406 0.071875 0.092188
1 0.587500 0.689063 0.075000 0.093750
1 0.590625 0.842969 0.090625 0.095312
1 0.757812 0.682813 0.081250 0.090625
1 0.766406 0.858594 0.082812 0.095312
1 0.919531 0.698438 0.098437 0.093750
1 0.910156 0.896875 0.123438 0.112500
