1 0.078906 0.090625 0.070312 0.081250
1 0.213281 0.079687 0.098437 0.071875
1 0.378906 0.071875 0.060937 0.075000
1 0.550000 0.076563 0.059375 0.087500
1 0.722656 0.063281 0.085938 0.092188
1 0.860938 0.048438 0.084375 0.084375
1 0.078906 0.247656 0.070312 0.092188
1 0.235156 0.242969 0.076563 0.073438
1 0.394531 0.232813 0.076563 0.087500
1 0.576562 0.233594 0.084375 0.085938
1 0.730469 0.235937 0.098437 0.084375
1 0.889844 0.222656 0.089063 0.079687
1 0.069531 0.414844 0.076563 0.073438
1 0.207813 0.417969 0.068750 0.079687
1 0.392969 0.400781 0.073438 0.079687
1 0.572656 0.389844 0.089063 0.064062
1 0.729688 0.394531 0.081250 0.076563
1 0.893750 0.385937 0.115625 0.081250
1 0.067969 0.560937 0.067187 0.090625
1 0.222656 0.532813 0.070312 0.087500
1 0.389844 0.514062 0.073438 0.078125
1 0.564844 0.518750 0.079687 0.093750
1 0.719531 0.513281 0.089063 0.067187
1 0.890625 0.521094 0.090625 0.070312
1 0.066406 0.706250 0.082812 0.109375
1 0.214844 0.689844 0.067187 0.082812
1 0.369531 0.686719 0.070312 0.076563
1 0.542969 0.710938 0.079687 0.084375
1 0.714844 0.709375 0.073438 0.090625
1 0.872656 0.724219 0.085938 0.089063
1 0.068750 0.886719 0.084375 0.098437
1 0.207813 0.872656 0.090625 0.095312
1 0.356250 0.886719 0.093750 0.092188
1 0.521094 0.901563 0.079687 0.090625
1 0.688281 0.912500 0.095312 0.078125
1 0.860938 0.928906 0.096875 0.101562
