1 0.134375 0.103125 0.059375 0.068750
1 0.262500 0.097656 0.065625 0.076563
1 0.394531 0.086719 0.057813 0.073438
1 0.535156 0.073438 0.057813 0.071875
1 0.702344 0.075781 0.060937 0.073438
1 0.840625 0.092188 0.062500 0.078125
1 0.140625 0.277344 0.065625 0.073438
1 0.250781 0.266406 0.051562 0.064062
1 0.389844 0.248438 0.067187 0.071875
1 0.532813 0.243750 0.062500 0.065625
1 0.696875 0.242188 0.068750 0.062500
1 0.839844 0.242969 0.082812 0.073438
1 0.126562 0.423438 0.043750 0.075000
1 0.243750 0.418750 0.046875 0.068750
1 0.377344 0.410938 0.079687 0.068750
1 0.528906 0.406250 0.076563 0.071875
1 0.697656 0.407813 0.070312 0.068750
1 0.840625 0.421875 0.084375 0.100000
1 0.127344 0.582031 0.064062 0.070312
1 0.245312 0.574219 0.068750 0.067187
1 0.368750 0.568750 0.065625 0.068750
1 0.539844 0.564063 0.067187 0.071875
1 0.703125 0.578906 0.084375 0.070312
1 0.823438 0.586719 0.078125 0.067187
1 0.121094 0.725000 0.057813 0.068750
1 0.237500 0.709375 0.056250 0.078125
1 0.365625 0.732031 0.056250 0.076563
1 0.528906 0.742969 0.070312 0.085938
1 0.703125 0.728125 0.078125 0.084375
1 0.841406 0.734375 0.085938 0.106250
1 0.116406 0.888281 0.079687 0.085938
1 0.230469 0.871875 0.067187 0.078125
1 0.353906 0.884375 0.089063 0.087500
1 0.550781 0.901563 0.076563 0.068750
1 0.710156 0.887500 0.082812 0.084375
1 0.885156 0.902344 0.117188 0.101562
