1 0.121875 0.088281 0.059375 0.073438
1 0.301563 0.076563 0.081250 0.071875
1 0.450000 0.072656 0.075000 0.079687
1 0.603906 0.078125 0.089063 0.075000
1 0.751563 0.080469 0.087500 0.073438
1 0.882031 0.098437 0.085938 0.081250
1 0.099219 0.234375 0.054688 0.078125
1 0.225781 0.227344 0.070312 0.064062
1 0.430469 0.215625 0.079687 0.084375
1 0.597656 0.215625 0.076563 0.078125
1 0.753906 0.231250 0.082812 0.084375
1 0.885938 0.233594 0.103125 0.073438
1 0.100781 0.390625 0.064062 0.078125
1 0.270313 0.370312 0.087500 0.081250
1 0.435937 0.372656 0.087500 0.085938
1 0.590625 0.380469 0.081250 0.070312
1 0.761719 0.385156 0.104688 0.079687
1 0.896875 0.400000 0.078125 0.087500
1 0.092188 0.535937 0.062500 0.075000
1 0.261719 0.540625 0.076563 0.078125
1 0.449219 0.535156 0.092188 0.082812
1 0.607031 0.537500 0.085938 0.078125
1 0.764062 0.555469 0.100000 0.085938
1 0.900781 0.552344 0.085938 0.085938
1 0.110156 0.688281 0.067187 0.079687
1 0.253906 0.692969 0.082812 0.082812
1 0.446094 0.696094 0.073438 0.082812
1 0.613281 0.687500 0.085938 0.081250
1 0.777344 0.704688 0.082812 0.087500
1 0.908594 0.703906 0.089063 0.082812
1 0.082031 0.853125 0.089063 0.096875
1 0.254688 0.853125 0.103125 0.075000
1 0.435156 0.856250 0.098437 0.075000
1 0.610156 0.855469 0.110937 0.070312
1 0.777344 0.859375 0.101562 0.090625
1 0.910156 0.860938 0.129688 0.078125
