1 0.110156 0.114062 0.085938 0.081250
1 0.250000 0.117188 0.075000 0.078125
1 0.424219 0.119531 0.076563 0.073438
1 0.587500 0.113281 0.071875 0.085938
1 0.747656 0.109375 0.092188 0.084375
1 0.920312 0.096875 0.103125 0.100000
1 0.080469 0.267969 0.073438 0.082812
1 0.239844 0.248438 0.060937 0.071875
1 0.404687 0.255469 0.065625 0.079687
1 0.579688 0.250000 0.068750 0.071875
1 0.743750 0.251563 0.075000 0.090625
1 0.907031 0.242969 0.082812 0.098437
1 0.077344 0.401562 0.060937 0.084375
1 0.229687 0.392969 0.065625 0.073438
1 0.397656 0.391406 0.076563 0.085938
1 0.581250 0.390625 0.071875 0.087500
1 0.752344 0.395313 0.064062 0.078125
1 0.903906 0.396094 0.073438 0.079687
1 0.072656 0.551562 0.082812 0.093750
1 0.225000 0.540625 0.068750 0.090625
1 0.392969 0.535937 0.092188 0.081250
1 0.533594 0.546875 0.095312 0.090625
1 0.744531 0.544531 0.079687 0.079687
1 0.925781 0.537500 0.079687 0.068750
1 0.068750 0.728906 0.071875 0.110937
1 0.228125 0.692187 0.084375 0.093750
1 0.387500 0.689063 0.087500 0.100000
1 0.539844 0.693750 0.085938 0.093750
1 0.768750 0.685937 0.087500 0.106250
1 0.935156 0.692969 0.117188 0.126562
1 0.918750 0.879687 0.100000 0.112500
1 0.730469 0.874219 0.089063 0.104688
1 0.521094 0.875000 0.082812 0.100000
1 0.389844 0.891406 0.092188 0.101562
1 0.219531 0.878906 0.089063 0.082812
1 0.067969 0.891406 0.092188 0.101562
