1 0.114062 0.116406 0.050000 0.070312
1 0.259375 0.105469 0.065625 0.079687
1 0.425000 0.109375 0.081250 0.071875
1 0.597656 0.105469 0.073438 0.051562
1 0.776563 0.099219 0.071875 0.076563
1 0.925000 0.092188 0.062500 0.078125
1 0.117188 0.242188 0.065625 0.084375
1 0.267969 0.250781 0.073438 0.079687
1 0.438281 0.247656 0.060937 0.064062
1 0.592969 0.250781 0.064062 0.079687
1 0.778906 0.246875 0.079687 0.075000
1 0.939844 0.234375 0.082812 0.081250
1 0.102344 0.386719 0.064062 0.089063
1 0.267969 0.385937 0.073438 0.078125
1 0.446094 0.378125 0.076563 0.090625
1 0.617969 0.367188 0.073438 0.087500
1 0.793750 0.384375 0.078125 0.106250
1 0.958594 0.407031 0.082812 0.095312
1 0.089063 0.535937 0.065625 0.090625
1 0.265625 0.540625 0.081250 0.062500
1 0.437500 0.537500 0.087500 0.071875
1 0.622656 0.536719 0.092188 0.070312
1 0.798438 0.544531 0.100000 0.073438
1 0.941406 0.553906 0.085938 0.082812
1 0.077344 0.702344 0.076563 0.098437
1 0.240625 0.673438 0.068750 0.075000
1 0.425781 0.677344 0.079687 0.089063
1 0.607031 0.673438 0.070312 0.090625
1 0.780469 0.676562 0.076563 0.084375
1 0.952344 0.685156 0.095312 0.085938
1 0.047656 0.871094 0.057813 0.092188
1 0.221094 0.884375 0.085938 0.084375
1 0.408594 0.890625 0.064062 0.084375
1 0.587500 0.898438 0.068750 0.090625
1 0.770312 0.914844 0.103125 0.110937
1 0.928906 0.925781 0.101562 0.107813
