0 0.125000 0.139844 0.028125 0.098437
0 0.287500 0.135156 0.025000 0.073438
0 0.434375 0.132031 0.031250 0.107813
0 0.578125 0.121875 0.025000 0.078125
0 0.752344 0.135937 0.039062 0.115625
0 0.885938 0.129688 0.040625 0.100000
0 0.106250 0.267969 0.040625 0.098437
0 0.289844 0.263281 0.035937 0.089063
0 0.450781 0.273438 0.045312 0.093750
0 0.593750 0.271094 0.046875 0.098437
0 0.755469 0.260156 0.029687 0.070312
0 0.882031 0.276562 0.032813 0.121875
0 0.106250 0.400781 0.028125 0.095312
0 0.275000 0.403906 0.025000 0.079687
0 0.438281 0.407031 0.039062 0.104688
0 0.589063 0.407813 0.034375 0.087500
0 0.742969 0.402344 0.029687 0.095312
0 0.869531 0.428125 0.026562 0.125000
0 0.092969 0.528125 0.032813 0.106250
0 0.257031 0.528125 0.023438 0.103125
0 0.439063 0.539062 0.031250 0.112500
0 0.590625 0.532813 0.037500 0.100000
0 0.729688 0.533594 0.028125 0.114062
0 0.869531 0.567969 0.042188 0.114062
0 0.089063 0.664062 0.028125 0.103125
0 0.267188 0.650781 0.040625 0.098437
0 0.439844 0.662500 0.032813 0.109375
0 0.585938 0.684375 0.046875 0.140625
0 0.729688 0.677344 0.034375 0.123438
0 0.882031 0.707031 0.054688 0.126562
0 0.061719 0.850000 0.032813 0.128125
0 0.242188 0.839844 0.037500 0.101562
0 0.428125 0.847656 0.037500 0.126562
0 0.562500 0.844531 0.043750 0.082812
0 0.724219 0.864062 0.035937 0.150000
0 0.878906 0.878125 0.032813 0.103125
