1 0.116406 0.108594 0.060937 0.054688
1 0.292969 0.132812 0.067187 0.093750
1 0.427344 0.130469 0.060937 0.067187
1 0.583594 0.130469 0.057813 0.073438
1 0.739062 0.132812 0.081250 0.071875
1 0.890625 0.126562 0.084375 0.093750
1 0.111719 0.288281 0.070312 0.082812
1 0.283594 0.295312 0.057813 0.068750
1 0.434375 0.296875 0.062500 0.059375
1 0.584375 0.300781 0.087500 0.070312
1 0.735938 0.306250 0.068750 0.059375
1 0.878906 0.305469 0.051562 0.070312
1 0.111719 0.438281 0.076563 0.079687
1 0.289844 0.436719 0.076563 0.073438
1 0.431250 0.436719 0.078125 0.064062
1 0.587500 0.437500 0.100000 0.084375
1 0.749219 0.444531 0.076563 0.076563
1 0.900781 0.441406 0.089063 0.070312
1 0.095312 0.585938 0.053125 0.075000
1 0.282813 0.588281 0.056250 0.060937
1 0.434375 0.585156 0.081250 0.064062
1 0.584375 0.582031 0.065625 0.082812
1 0.754687 0.585156 0.078125 0.082812
1 0.900000 0.589063 0.087500 0.096875
1 0.095312 0.725781 0.062500 0.076563
1 0.287500 0.721094 0.056250 0.067187
1 0.444531 0.718750 0.073438 0.084375
1 0.607812 0.724219 0.071875 0.085938
1 0.768750 0.719531 0.100000 0.101562
1 0.912500 0.738281 0.093750 0.089063
1 0.071094 0.865625 0.092188 0.075000
1 0.284375 0.853906 0.084375 0.085938
1 0.450781 0.847656 0.104688 0.082812
1 0.615625 0.847656 0.087500 0.092188
1 0.761719 0.852344 0.095312 0.098437
1 0.913281 0.870313 0.098437 0.106250
