0 0.100781 0.103906 0.035937 0.089063
0 0.291406 0.096094 0.032813 0.079687
0 0.453906 0.102344 0.039062 0.092188
0 0.568750 0.093750 0.037500 0.059375
0 0.726562 0.100781 0.028125 0.107813
0 0.875000 0.113281 0.025000 0.095312
0 0.066406 0.252344 0.029687 0.092188
0 0.260156 0.248438 0.023438 0.093750
0 0.438281 0.242188 0.032813 0.087500
0 0.615625 0.242188 0.028125 0.096875
0 0.752344 0.248438 0.029687 0.090625
0 0.873437 0.251563 0.037500 0.093750
0 0.085156 0.385937 0.029687 0.100000
0 0.089063 0.520312 0.031250 0.096875
0 0.269531 0.388281 0.042188 0.098437
0 0.253906 0.508594 0.026562 0.070312
0 0.439844 0.383594 0.035937 0.110937
0 0.439063 0.525000 0.028125 0.115625
0 0.614844 0.409375 0.035937 0.121875
0 0.751563 0.388281 0.031250 0.095312
0 0.892969 0.403125 0.035937 0.100000
0 0.894531 0.553125 0.032813 0.103125
0 0.614844 0.532813 0.023438 0.096875
0 0.762500 0.537500 0.025000 0.106250
0 0.067969 0.668750 0.039062 0.096875
0 0.243750 0.660156 0.031250 0.092188
0 0.444531 0.664062 0.026562 0.068750
0 0.610938 0.690625 0.037500 0.140625
0 0.754687 0.674219 0.031250 0.076563
0 0.882031 0.706250 0.032813 0.140625
0 0.064062 0.867969 0.025000 0.117188
0 0.227344 0.871094 0.039062 0.098437
0 0.408594 0.880469 0.026562 0.117188
0 0.616406 0.857812 0.039062 0.096875
0 0.759375 0.872656 0.021875 0.132812
0 0.879687 0.887500 0.034375 0.106250
