0 0.126562 0.115625 0.021875 0.096875
0 0.257812 0.107813 0.028125 0.084375
0 0.401562 0.125781 0.034375 0.101562
0 0.585156 0.112500 0.032813 0.096875
0 0.727344 0.107031 0.029687 0.089063
0 0.884375 0.110937 0.046875 0.096875
0 0.117969 0.254688 0.032813 0.103125
0 0.261719 0.242188 0.039062 0.081250
0 0.410156 0.271094 0.057813 0.117188
0 0.591406 0.245312 0.051562 0.078125
0 0.739062 0.253125 0.040625 0.118750
0 0.885156 0.257812 0.035937 0.109375
0 0.115625 0.400000 0.025000 0.115625
0 0.242969 0.397656 0.029687 0.095312
0 0.416406 0.415625 0.048438 0.125000
0 0.582031 0.401562 0.048438 0.100000
0 0.737500 0.414844 0.034375 0.135937
0 0.886719 0.404687 0.045312 0.081250
0 0.117969 0.550000 0.054688 0.112500
0 0.251563 0.546094 0.050000 0.120313
0 0.413281 0.561719 0.051562 0.098437
0 0.584375 0.539062 0.040625 0.106250
0 0.731250 0.560937 0.028125 0.093750
0 0.869531 0.551562 0.039062 0.125000
0 0.115625 0.693750 0.037500 0.096875
0 0.250000 0.696875 0.034375 0.090625
0 0.414844 0.701562 0.035937 0.115625
0 0.607031 0.700781 0.051562 0.107813
0 0.728125 0.699219 0.037500 0.092188
0 0.884375 0.706250 0.037500 0.134375
0 0.100781 0.865625 0.042188 0.121875
0 0.258594 0.852344 0.045312 0.129688
0 0.408594 0.847656 0.023438 0.089063
0 0.606250 0.865625 0.028125 0.134375
0 0.721094 0.852344 0.020313 0.060937
0 0.896094 0.865625 0.026562 0.128125
