0 0.081250 0.086719 0.031250 0.120313
0 0.251563 0.069531 0.028125 0.079687
0 0.400781 0.103125 0.026562 0.140625
0 0.546875 0.086719 0.043750 0.060937
0 0.700781 0.082812 0.045312 0.140625
0 0.858594 0.089063 0.026562 0.103125
0 0.088281 0.263281 0.039062 0.095312
0 0.250000 0.250781 0.043750 0.089063
0 0.403906 0.269531 0.026562 0.104688
0 0.554688 0.257812 0.028125 0.087500
0 0.690625 0.249219 0.028125 0.085938
0 0.856250 0.271094 0.034375 0.129688
0 0.103125 0.414844 0.028125 0.123438
0 0.246875 0.400781 0.025000 0.076563
0 0.407813 0.428125 0.050000 0.128125
0 0.552344 0.396875 0.032813 0.106250
0 0.686719 0.403125 0.032813 0.134375
0 0.841406 0.410938 0.039062 0.090625
0 0.090625 0.571875 0.037500 0.112500
0 0.250000 0.573438 0.050000 0.118750
0 0.421094 0.579688 0.032813 0.103125
0 0.557813 0.589844 0.028125 0.135937
0 0.681250 0.567969 0.031250 0.073438
0 0.846094 0.591406 0.039062 0.139063
0 0.102344 0.729688 0.032813 0.087500
0 0.272656 0.717969 0.039062 0.089063
0 0.419531 0.743750 0.039062 0.137500
0 0.552344 0.729688 0.045312 0.084375
0 0.697656 0.748437 0.035937 0.146875
0 0.832031 0.735938 0.026562 0.100000
0 0.090625 0.903906 0.043750 0.107813
0 0.266406 0.887500 0.035937 0.096875
0 0.420312 0.900781 0.034375 0.110937
0 0.547656 0.907031 0.029687 0.120313
0 0.707031 0.899219 0.048438 0.104688
0 0.838281 0.907031 0.035937 0.126562
