0 0.092969 0.182031 0.026562 0.073438
0 0.284375 0.172656 0.018750 0.060937
0 0.447656 0.179688 0.023438 0.065625
0 0.600000 0.182031 0.018750 0.067187
0 0.703906 0.182812 0.023438 0.065625
0 0.879687 0.191406 0.028125 0.085938
0 0.098437 0.314844 0.021875 0.089063
0 0.288281 0.306250 0.039062 0.084375
0 0.450781 0.302344 0.029687 0.079687
0 0.593750 0.295312 0.037500 0.081250
0 0.705469 0.308594 0.029687 0.092188
0 0.870313 0.322656 0.025000 0.085938
0 0.101562 0.455469 0.031250 0.104688
0 0.292187 0.429688 0.028125 0.090625
0 0.442188 0.428906 0.031250 0.095312
0 0.596875 0.428906 0.031250 0.117188
0 0.710938 0.432031 0.028125 0.089063
0 0.875000 0.443750 0.025000 0.096875
0 0.109375 0.587500 0.034375 0.093750
0 0.289062 0.571875 0.040625 0.093750
0 0.429688 0.568750 0.034375 0.100000
0 0.592187 0.559375 0.034375 0.093750
0 0.714844 0.557813 0.023438 0.100000
0 0.867188 0.569531 0.028125 0.114062
0 0.093750 0.740625 0.025000 0.096875
0 0.274219 0.723437 0.020313 0.100000
0 0.424219 0.722656 0.029687 0.092188
0 0.605469 0.705469 0.048438 0.092188
0 0.740625 0.697656 0.031250 0.101562
0 0.884375 0.707812 0.025000 0.087500
0 0.896094 0.887500 0.029687 0.106250
0 0.751563 0.873437 0.028125 0.106250
0 0.614062 0.876563 0.040625 0.103125
0 0.425000 0.879687 0.025000 0.093750
0 0.268750 0.864062 0.021875 0.075000
0 0.084375 0.878906 0.025000 0.089063
