0 0.139844 0.054688 0.029687 0.093750
0 0.265625 0.061719 0.028125 0.070312
0 0.417969 0.082031 0.029687 0.110937
0 0.548438 0.089063 0.031250 0.068750
0 0.686719 0.107031 0.026562 0.101562
0 0.820312 0.103125 0.025000 0.093750
0 0.132031 0.203125 0.029687 0.090625
0 0.269531 0.207031 0.026562 0.092188
0 0.407813 0.219531 0.025000 0.098437
0 0.546875 0.224219 0.028125 0.092188
0 0.682031 0.244531 0.029687 0.089063
0 0.821094 0.252344 0.032813 0.098437
0 0.101562 0.390625 0.034375 0.115625
0 0.272656 0.382031 0.026562 0.095312
0 0.414062 0.389062 0.028125 0.100000
0 0.564063 0.392188 0.050000 0.093750
0 0.684375 0.391406 0.028125 0.095312
0 0.832812 0.403125 0.034375 0.096875
0 0.090625 0.560937 0.031250 0.131250
0 0.271875 0.542188 0.025000 0.093750
0 0.417969 0.545312 0.026562 0.106250
0 0.560937 0.562500 0.034375 0.134375
0 0.684375 0.539844 0.043750 0.114062
0 0.827344 0.576562 0.032813 0.134375
0 0.078906 0.732031 0.029687 0.132812
0 0.261719 0.710156 0.035937 0.101562
0 0.413281 0.705469 0.035937 0.110937
0 0.553906 0.700781 0.042188 0.107813
0 0.682031 0.715625 0.035937 0.096875
0 0.822656 0.739062 0.029687 0.112500
0 0.088281 0.878906 0.035937 0.107813
0 0.264062 0.869531 0.034375 0.104688
0 0.413281 0.859375 0.032813 0.112500
0 0.549219 0.848437 0.032813 0.090625
0 0.665625 0.869531 0.028125 0.107813
0 0.835156 0.910156 0.039062 0.095312
