0 0.158594 0.226562 0.023438 0.087500
0 0.303906 0.207031 0.020313 0.070312
0 0.436719 0.210156 0.042188 0.073438
0 0.553125 0.206250 0.028125 0.059375
0 0.693750 0.206250 0.028125 0.071875
0 0.846875 0.210156 0.031250 0.073438
0 0.153906 0.339062 0.026562 0.075000
0 0.303125 0.335156 0.021875 0.073438
0 0.441406 0.324219 0.045312 0.073438
0 0.553906 0.318750 0.026562 0.078125
0 0.699219 0.321094 0.023438 0.064062
0 0.844531 0.328125 0.023438 0.071875
0 0.149219 0.453906 0.023438 0.089063
0 0.301563 0.447656 0.037500 0.082812
0 0.443750 0.433594 0.025000 0.067187
0 0.557813 0.447656 0.025000 0.092188
0 0.705469 0.433594 0.032813 0.079687
0 0.849219 0.439063 0.026562 0.071875
0 0.141406 0.578906 0.023438 0.089063
0 0.299219 0.561719 0.035937 0.079687
0 0.437500 0.560156 0.031250 0.089063
0 0.565625 0.560156 0.031250 0.079687
0 0.703906 0.570312 0.023438 0.087500
0 0.853906 0.576562 0.023438 0.084375
0 0.139844 0.703125 0.029687 0.096875
0 0.307812 0.680469 0.031250 0.082812
0 0.432812 0.689063 0.028125 0.081250
0 0.567187 0.684375 0.021875 0.071875
0 0.705469 0.691406 0.023438 0.067187
0 0.871875 0.698438 0.031250 0.093750
0 0.139844 0.835938 0.029687 0.100000
0 0.301563 0.825000 0.025000 0.084375
0 0.426563 0.814063 0.028125 0.081250
0 0.567969 0.810937 0.032813 0.087500
0 0.700781 0.805469 0.023438 0.082812
0 0.880469 0.839063 0.039062 0.115625
