14 0.085156 0.082031 0.054688 0.110937
14 0.217188 0.075781 0.046875 0.092188
14 0.382031 0.079687 0.057813 0.134375
14 0.539844 0.081250 0.057813 0.103125
14 0.697656 0.079687 0.067187 0.087500
14 0.839844 0.069531 0.051562 0.107813
14 0.091406 0.227344 0.045312 0.104688
14 0.229687 0.214844 0.034375 0.064062
14 0.379688 0.249219 0.059375 0.104688
14 0.537500 0.246094 0.050000 0.073438
14 0.710156 0.241406 0.054688 0.095312
14 0.857812 0.240625 0.043750 0.059375
14 0.092969 0.391406 0.045312 0.095312
14 0.237500 0.397656 0.059375 0.089063
14 0.375000 0.397656 0.062500 0.076563
14 0.546875 0.382812 0.046875 0.112500
14 0.708594 0.367969 0.051562 0.089063
14 0.853906 0.381250 0.060937 0.103125
14 0.090625 0.567187 0.068750 0.109375
14 0.213281 0.577344 0.051562 0.067187
14 0.375000 0.571094 0.065625 0.089063
14 0.531250 0.559375 0.065625 0.084375
14 0.685937 0.575781 0.062500 0.092188
14 0.834375 0.584375 0.059375 0.112500
14 0.085938 0.721094 0.053125 0.085938
14 0.235937 0.702344 0.050000 0.098437
14 0.392969 0.696875 0.064062 0.109375
14 0.544531 0.696875 0.054688 0.093750
14 0.695312 0.717969 0.062500 0.092188
14 0.845313 0.710156 0.046875 0.070312
14 0.074219 0.896875 0.070312 0.115625
14 0.237500 0.869531 0.059375 0.110937
14 0.392188 0.860938 0.053125 0.071875
14 0.534375 0.873437 0.050000 0.090625
14 0.702344 0.875000 0.057813 0.109375
14 0.842969 0.890625 0.054688 0.100000
