0 0.154688 0.122656 0.015625 0.082812
0 0.299219 0.110156 0.026562 0.076563
0 0.442188 0.117188 0.034375 0.087500
0 0.565625 0.115625 0.025000 0.087500
0 0.691406 0.108594 0.029687 0.092188
0 0.821875 0.124219 0.028125 0.107813
0 0.140625 0.253906 0.031250 0.092188
0 0.296094 0.247656 0.023438 0.095312
0 0.442188 0.240625 0.028125 0.078125
0 0.558594 0.253125 0.029687 0.106250
0 0.682031 0.239844 0.035937 0.067187
0 0.822656 0.249219 0.035937 0.085938
0 0.155469 0.382031 0.035937 0.092188
0 0.294531 0.385156 0.020313 0.082812
0 0.439063 0.389062 0.034375 0.100000
0 0.569531 0.392188 0.029687 0.100000
0 0.691406 0.387500 0.029687 0.096875
0 0.827344 0.392969 0.032813 0.095312
0 0.116406 0.521094 0.032813 0.107813
0 0.286719 0.504687 0.029687 0.093750
0 0.436719 0.522656 0.035937 0.098437
0 0.570312 0.518750 0.040625 0.112500
0 0.695312 0.511719 0.034375 0.089063
0 0.832031 0.521875 0.029687 0.090625
0 0.132812 0.661719 0.034375 0.120313
0 0.282031 0.634375 0.026562 0.075000
0 0.431250 0.659375 0.025000 0.115625
0 0.567969 0.647656 0.026562 0.095312
0 0.702344 0.647656 0.039062 0.123438
0 0.819531 0.678125 0.029687 0.121875
0 0.267969 0.820312 0.029687 0.118750
0 0.432031 0.802344 0.026562 0.076563
0 0.103906 0.828906 0.029687 0.110937
0 0.549219 0.829688 0.023438 0.143750
0 0.707031 0.817187 0.048438 0.087500
0 0.853125 0.845313 0.034375 0.125000
