0 0.085156 0.132812 0.029687 0.096875
0 0.241406 0.138281 0.020313 0.101562
0 0.389844 0.121875 0.039062 0.100000
0 0.557813 0.121875 0.025000 0.093750
0 0.732812 0.125000 0.040625 0.100000
0 0.900000 0.098437 0.031250 0.109375
0 0.081250 0.307812 0.037500 0.121875
0 0.233594 0.294531 0.039062 0.101562
0 0.399219 0.281250 0.039062 0.096875
0 0.556250 0.289062 0.034375 0.106250
0 0.740625 0.273438 0.028125 0.065625
0 0.900000 0.287500 0.034375 0.137500
0 0.088281 0.450781 0.029687 0.092188
0 0.241406 0.431250 0.032813 0.053125
0 0.401562 0.435156 0.034375 0.107813
0 0.546875 0.417187 0.028125 0.071875
0 0.738281 0.435937 0.026562 0.115625
0 0.885156 0.447656 0.029687 0.110937
0 0.886719 0.603125 0.029687 0.118750
0 0.085938 0.574219 0.031250 0.079687
0 0.267969 0.571094 0.026562 0.095312
0 0.418750 0.553906 0.034375 0.060937
0 0.560937 0.566406 0.034375 0.114062
0 0.742188 0.576562 0.028125 0.118750
0 0.060156 0.756250 0.029687 0.125000
0 0.255469 0.735156 0.032813 0.089063
0 0.407813 0.709375 0.028125 0.084375
0 0.598437 0.728906 0.025000 0.117188
0 0.748437 0.752344 0.028125 0.123438
0 0.854688 0.782813 0.037500 0.128125
0 0.074219 0.900781 0.029687 0.095312
0 0.259375 0.889844 0.025000 0.117188
0 0.425000 0.878906 0.031250 0.076563
0 0.601562 0.888281 0.034375 0.132812
0 0.756250 0.884375 0.028125 0.062500
0 0.901563 0.920312 0.034375 0.134375
