0 0.075781 0.192188 0.023438 0.065625
0 0.245312 0.191406 0.021875 0.064062
0 0.421875 0.191406 0.031250 0.079687
0 0.583594 0.183594 0.029687 0.073438
0 0.768750 0.189062 0.021875 0.081250
0 0.920312 0.192969 0.034375 0.089063
0 0.072656 0.316406 0.023438 0.079687
0 0.239844 0.307031 0.026562 0.054688
0 0.410938 0.313281 0.037500 0.073438
0 0.581250 0.303125 0.025000 0.071875
0 0.767188 0.321875 0.028125 0.093750
0 0.928125 0.322656 0.018750 0.067187
0 0.067969 0.436719 0.026562 0.085938
0 0.242969 0.430469 0.026562 0.060937
0 0.414844 0.435156 0.026562 0.085938
0 0.582812 0.435156 0.031250 0.076563
0 0.758594 0.452344 0.023438 0.085938
0 0.931250 0.450781 0.025000 0.073438
0 0.058594 0.574219 0.017188 0.085938
0 0.232813 0.578906 0.025000 0.082812
0 0.403906 0.558594 0.032813 0.079687
0 0.596875 0.571875 0.031250 0.087500
0 0.760938 0.567187 0.031250 0.075000
0 0.937500 0.593750 0.025000 0.087500
0 0.933594 0.741406 0.035937 0.082812
0 0.049219 0.707031 0.029687 0.098437
0 0.223438 0.688281 0.025000 0.057813
0 0.385937 0.716406 0.040625 0.117188
0 0.579688 0.725000 0.031250 0.090625
0 0.770312 0.745313 0.037500 0.118750
0 0.043750 0.857812 0.034375 0.087500
0 0.214844 0.857812 0.023438 0.093750
0 0.372656 0.848437 0.023438 0.065625
0 0.571875 0.870313 0.025000 0.103125
0 0.781250 0.883594 0.034375 0.070312
0 0.942969 0.892188 0.035937 0.134375
