0 0.129688 0.097656 0.034375 0.082812
0 0.099219 0.248438 0.023438 0.106250
0 0.116406 0.407031 0.023438 0.101562
0 0.103125 0.540625 0.025000 0.121875
0 0.085938 0.717187 0.028125 0.096875
0 0.078125 0.881250 0.037500 0.125000
0 0.251563 0.871094 0.043750 0.101562
0 0.254688 0.718750 0.028125 0.115625
0 0.271094 0.525000 0.023438 0.081250
0 0.265625 0.078125 0.031250 0.075000
0 0.278906 0.392969 0.026562 0.085938
0 0.260937 0.232813 0.021875 0.084375
0 0.400000 0.112500 0.031250 0.118750
0 0.414844 0.250000 0.023438 0.103125
0 0.424219 0.412500 0.035937 0.118750
0 0.414062 0.542969 0.028125 0.107813
0 0.407031 0.711719 0.032813 0.123438
0 0.400781 0.875000 0.048438 0.121875
0 0.524219 0.083594 0.032813 0.060937
0 0.544531 0.246094 0.023438 0.101562
0 0.553125 0.389844 0.031250 0.089063
0 0.571094 0.530469 0.045312 0.089063
0 0.556250 0.689844 0.037500 0.067187
0 0.570312 0.878125 0.046875 0.093750
0 0.710156 0.102344 0.029687 0.104688
0 0.706250 0.247656 0.053125 0.107813
0 0.703125 0.419531 0.034375 0.132812
0 0.697656 0.553125 0.029687 0.096875
0 0.688281 0.683594 0.039062 0.092188
0 0.687500 0.864062 0.034375 0.093750
0 0.856250 0.094531 0.021875 0.073438
0 0.856250 0.247656 0.059375 0.095312
0 0.848437 0.410156 0.028125 0.079687
0 0.850000 0.706250 0.037500 0.121875
0 0.853906 0.565625 0.029687 0.125000
0 0.857031 0.897656 0.029687 0.126562
