0 0.150000 0.141406 0.021875 0.064062
0 0.323437 0.142969 0.025000 0.085938
0 0.454688 0.142187 0.028125 0.050000
0 0.599219 0.138281 0.023438 0.092188
0 0.753125 0.145313 0.025000 0.062500
0 0.890625 0.154688 0.031250 0.115625
0 0.171875 0.307812 0.040625 0.103125
0 0.326562 0.300000 0.025000 0.078125
0 0.457031 0.297656 0.039062 0.104688
0 0.588281 0.310156 0.026562 0.101562
0 0.730469 0.299219 0.026562 0.070312
0 0.878125 0.318750 0.028125 0.106250
0 0.154688 0.439844 0.040625 0.098437
0 0.325000 0.448437 0.037500 0.106250
0 0.455469 0.435156 0.029687 0.085938
0 0.596094 0.474219 0.029687 0.104688
0 0.732031 0.449219 0.032813 0.104688
0 0.883594 0.470313 0.023438 0.109375
0 0.156250 0.599219 0.018750 0.098437
0 0.326562 0.578906 0.031250 0.095312
0 0.453906 0.593750 0.032813 0.109375
0 0.595313 0.603125 0.021875 0.084375
0 0.745313 0.613281 0.025000 0.098437
0 0.896094 0.624219 0.032813 0.104688
0 0.131250 0.739844 0.025000 0.110937
0 0.306250 0.728906 0.031250 0.107813
0 0.446875 0.739844 0.025000 0.085938
0 0.599219 0.750781 0.023438 0.123438
0 0.742188 0.741406 0.021875 0.070312
0 0.903125 0.756250 0.037500 0.100000
0 0.092188 0.879687 0.021875 0.106250
0 0.297656 0.871875 0.032813 0.090625
0 0.444531 0.874219 0.023438 0.098437
0 0.593750 0.877344 0.043750 0.073438
0 0.756250 0.897656 0.043750 0.139063
0 0.903125 0.890625 0.031250 0.093750
