2 0.092969 0.134375 0.057813 0.125000
2 0.285938 0.117969 0.062500 0.104688
2 0.438281 0.125000 0.070312 0.112500
2 0.594531 0.114844 0.057813 0.104688
2 0.775781 0.115625 0.064062 0.121875
2 0.924219 0.107031 0.060937 0.117188
2 0.086719 0.330469 0.057813 0.123438
2 0.083594 0.460156 0.057813 0.101562
2 0.077344 0.582031 0.051562 0.101562
2 0.067187 0.736719 0.053125 0.117188
2 0.046094 0.901563 0.064062 0.112500
2 0.286719 0.867188 0.067187 0.118750
2 0.269531 0.711719 0.070312 0.129688
2 0.282813 0.553125 0.062500 0.093750
2 0.294531 0.419531 0.051562 0.101562
2 0.285156 0.286719 0.051562 0.092188
2 0.439844 0.290625 0.054688 0.112500
2 0.582031 0.287500 0.060937 0.096875
2 0.754687 0.294531 0.056250 0.110937
2 0.919531 0.285156 0.064062 0.110937
2 0.899219 0.447656 0.067187 0.107813
2 0.896094 0.571094 0.064062 0.110937
2 0.905469 0.722656 0.079687 0.123438
2 0.890625 0.878125 0.096875 0.134375
2 0.732812 0.878906 0.078125 0.120313
2 0.590625 0.876563 0.068750 0.125000
2 0.406250 0.880469 0.071875 0.129688
2 0.420312 0.704688 0.059375 0.106250
2 0.575000 0.703125 0.056250 0.103125
2 0.725781 0.714063 0.089063 0.125000
2 0.424219 0.439844 0.067187 0.101562
2 0.567969 0.438281 0.076563 0.095312
2 0.746094 0.442188 0.073438 0.096875
2 0.744531 0.563281 0.070312 0.107813
2 0.579688 0.552344 0.053125 0.101562
2 0.420312 0.569531 0.053125 0.107813
