2 0.102344 0.103906 0.057813 0.095312
2 0.232031 0.096094 0.060937 0.098437
2 0.419531 0.092969 0.064062 0.092188
2 0.626563 0.086719 0.053125 0.104688
2 0.800781 0.090625 0.064062 0.109375
2 0.942969 0.093750 0.060937 0.121875
2 0.103125 0.255469 0.062500 0.123438
2 0.267188 0.243750 0.062500 0.103125
2 0.428906 0.247656 0.064062 0.101562
2 0.632031 0.246094 0.057813 0.104688
2 0.800781 0.260156 0.067187 0.104688
2 0.926562 0.266406 0.084375 0.126562
2 0.089063 0.428125 0.065625 0.128125
2 0.252344 0.417187 0.057813 0.112500
2 0.427344 0.417969 0.070312 0.110937
2 0.637500 0.415625 0.059375 0.118750
2 0.803906 0.418750 0.076563 0.106250
2 0.920312 0.417969 0.075000 0.104688
2 0.928906 0.570312 0.070312 0.125000
2 0.068750 0.595313 0.071875 0.103125
2 0.241406 0.590625 0.060937 0.125000
2 0.414844 0.583594 0.057813 0.123438
2 0.622656 0.575781 0.076563 0.107813
2 0.614844 0.708594 0.067187 0.098437
2 0.055469 0.743750 0.073438 0.128125
2 0.229687 0.730469 0.068750 0.110937
2 0.407031 0.721094 0.064062 0.110937
2 0.792188 0.583594 0.071875 0.145313
2 0.778906 0.709375 0.057813 0.093750
2 0.931250 0.714063 0.071875 0.128125
2 0.907031 0.902344 0.098437 0.139063
2 0.771094 0.894531 0.064062 0.145313
2 0.610938 0.899219 0.068750 0.110937
2 0.393750 0.887500 0.068750 0.121875
2 0.190625 0.889062 0.071875 0.143750
2 0.042188 0.900000 0.065625 0.115625
