2 0.151562 0.110156 0.071875 0.095312
2 0.289844 0.099219 0.060937 0.098437
2 0.427344 0.097656 0.060937 0.085938
2 0.596875 0.088281 0.065625 0.089063
2 0.732812 0.090625 0.065625 0.087500
2 0.862500 0.078125 0.062500 0.109375
2 0.139844 0.272656 0.073438 0.085938
2 0.284375 0.256250 0.068750 0.078125
2 0.419531 0.255469 0.067187 0.098437
2 0.576562 0.256250 0.078125 0.103125
2 0.707812 0.271094 0.068750 0.123438
2 0.839063 0.260937 0.075000 0.103125
2 0.832812 0.394531 0.090625 0.101562
2 0.132812 0.408594 0.068750 0.117188
2 0.267969 0.395313 0.073438 0.112500
2 0.407813 0.404687 0.065625 0.112500
2 0.560937 0.402344 0.065625 0.104688
2 0.692187 0.411719 0.062500 0.110937
2 0.116406 0.562500 0.070312 0.106250
2 0.263281 0.537500 0.064062 0.068750
2 0.401562 0.542188 0.062500 0.065625
2 0.550000 0.545312 0.062500 0.081250
2 0.688281 0.547656 0.070312 0.076563
2 0.824219 0.554688 0.076563 0.106250
2 0.116406 0.708594 0.082812 0.095312
2 0.255469 0.688281 0.076563 0.101562
2 0.398438 0.699219 0.065625 0.110937
2 0.535156 0.688281 0.076563 0.104688
2 0.670312 0.682813 0.090625 0.100000
2 0.812500 0.696094 0.065625 0.098437
2 0.096875 0.869531 0.062500 0.120313
2 0.232813 0.863281 0.075000 0.129688
2 0.362500 0.867969 0.068750 0.107813
2 0.514844 0.873437 0.089063 0.093750
2 0.657031 0.887500 0.076563 0.109375
2 0.812500 0.900000 0.100000 0.150000
