2 0.089063 0.115625 0.059375 0.084375
2 0.223438 0.103906 0.065625 0.082812
2 0.367969 0.112500 0.070312 0.084375
2 0.522656 0.107813 0.060937 0.084375
2 0.683594 0.100781 0.064062 0.092188
2 0.836719 0.084375 0.070312 0.096875
2 0.096875 0.253906 0.053125 0.114062
2 0.230469 0.247656 0.060937 0.101562
2 0.390625 0.252344 0.059375 0.101562
2 0.528906 0.247656 0.073438 0.101562
2 0.692187 0.253125 0.059375 0.112500
2 0.839063 0.254688 0.062500 0.125000
2 0.093750 0.421875 0.068750 0.109375
2 0.233594 0.410938 0.064062 0.115625
2 0.396094 0.417969 0.070312 0.117188
2 0.545312 0.405469 0.071875 0.104688
2 0.686719 0.414844 0.057813 0.123438
2 0.834375 0.422656 0.062500 0.139063
2 0.096875 0.599219 0.059375 0.098437
2 0.228125 0.578906 0.065625 0.110937
2 0.387500 0.555469 0.056250 0.079687
2 0.549219 0.521094 0.057813 0.089063
2 0.691406 0.554688 0.076563 0.112500
2 0.844531 0.564063 0.073438 0.109375
2 0.096094 0.750781 0.079687 0.126562
2 0.231250 0.727344 0.087500 0.098437
2 0.392969 0.717187 0.067187 0.118750
2 0.555469 0.711719 0.070312 0.117188
2 0.689844 0.717969 0.076563 0.110937
2 0.835156 0.730469 0.092188 0.135937
2 0.839844 0.900000 0.101562 0.134375
2 0.681250 0.868750 0.081250 0.106250
2 0.535156 0.877344 0.076563 0.110937
2 0.373437 0.881250 0.068750 0.115625
2 0.224219 0.889062 0.070312 0.137500
2 0.085938 0.896094 0.078125 0.117188
