2 0.076563 0.079687 0.053125 0.075000
2 0.225000 0.079687 0.059375 0.093750
2 0.398438 0.091406 0.065625 0.082812
2 0.564844 0.086719 0.064062 0.079687
2 0.718750 0.095312 0.059375 0.096875
2 0.852344 0.103906 0.070312 0.107813
2 0.078906 0.251563 0.064062 0.103125
2 0.223438 0.250000 0.068750 0.093750
2 0.389844 0.249219 0.067187 0.107813
2 0.555469 0.265625 0.064062 0.109375
2 0.700000 0.265625 0.087500 0.100000
2 0.841406 0.271875 0.060937 0.103125
2 0.073438 0.413281 0.046875 0.107813
2 0.214844 0.417187 0.054688 0.103125
2 0.366406 0.424219 0.060937 0.120313
2 0.535156 0.444531 0.073438 0.145313
2 0.681250 0.419531 0.062500 0.117188
2 0.837500 0.446875 0.062500 0.125000
2 0.075000 0.572656 0.062500 0.101562
2 0.203906 0.557031 0.073438 0.095312
2 0.359375 0.565625 0.062500 0.100000
2 0.535937 0.579688 0.075000 0.100000
2 0.689063 0.561719 0.075000 0.104688
2 0.828906 0.595313 0.073438 0.118750
2 0.075781 0.717969 0.073438 0.104688
2 0.207031 0.700781 0.060937 0.104688
2 0.364844 0.704688 0.064062 0.109375
2 0.537500 0.717969 0.065625 0.098437
2 0.696875 0.726562 0.071875 0.106250
2 0.839844 0.750000 0.070312 0.128125
2 0.850781 0.896875 0.076563 0.115625
2 0.692187 0.885938 0.081250 0.109375
2 0.520312 0.892969 0.071875 0.114062
2 0.362500 0.892188 0.075000 0.115625
2 0.215625 0.886719 0.075000 0.135937
2 0.066406 0.892969 0.060937 0.117188
