14 0.139844 0.152344 0.048438 0.107813
14 0.246875 0.136719 0.050000 0.076563
14 0.385937 0.143750 0.059375 0.100000
14 0.535156 0.141406 0.054688 0.082812
14 0.666406 0.125781 0.060937 0.107813
14 0.839844 0.142969 0.054688 0.104688
14 0.145313 0.282031 0.043750 0.101562
14 0.236719 0.285938 0.045312 0.062500
14 0.398438 0.282031 0.056250 0.107813
14 0.546094 0.278906 0.051562 0.082812
14 0.674219 0.278125 0.045312 0.068750
14 0.827344 0.292969 0.057813 0.092188
14 0.127344 0.428125 0.048438 0.103125
14 0.230469 0.432031 0.042188 0.064062
14 0.396094 0.418750 0.054688 0.096875
14 0.526563 0.413281 0.043750 0.057813
14 0.682813 0.424219 0.062500 0.082812
14 0.816406 0.447656 0.054688 0.076563
14 0.121094 0.567969 0.054688 0.085938
14 0.243750 0.564063 0.031250 0.046875
14 0.389062 0.558594 0.053125 0.104688
14 0.524219 0.561719 0.039062 0.060937
14 0.667188 0.563281 0.053125 0.070312
14 0.819531 0.571875 0.051562 0.087500
14 0.117188 0.708594 0.056250 0.085938
14 0.230469 0.712500 0.035937 0.062500
14 0.375781 0.693750 0.060937 0.087500
14 0.514844 0.706250 0.051562 0.059375
14 0.675000 0.704688 0.062500 0.068750
14 0.819531 0.700000 0.070312 0.090625
14 0.103125 0.861719 0.050000 0.101562
14 0.228906 0.838281 0.042188 0.104688
14 0.360156 0.831250 0.042188 0.096875
14 0.525781 0.846875 0.045312 0.084375
14 0.668750 0.841406 0.059375 0.073438
14 0.824219 0.856250 0.051562 0.096875
