2 0.120313 0.113281 0.062500 0.082812
2 0.280469 0.112500 0.064062 0.084375
2 0.413281 0.108594 0.073438 0.110937
2 0.576562 0.111719 0.075000 0.101562
2 0.727344 0.089063 0.089063 0.112500
2 0.865625 0.070312 0.087500 0.103125
2 0.120313 0.246875 0.056250 0.090625
2 0.275000 0.241406 0.071875 0.095312
2 0.419531 0.246875 0.073438 0.115625
2 0.563281 0.239844 0.064062 0.104688
2 0.706250 0.232031 0.078125 0.110937
2 0.860156 0.224219 0.085938 0.110937
2 0.113281 0.387500 0.070312 0.109375
2 0.265625 0.381250 0.065625 0.090625
2 0.411719 0.385156 0.057813 0.095312
2 0.552344 0.382812 0.057813 0.100000
2 0.699219 0.388281 0.064062 0.110937
2 0.857031 0.376563 0.079687 0.106250
2 0.113281 0.538281 0.064062 0.117188
2 0.260156 0.522656 0.073438 0.110937
2 0.400000 0.516406 0.065625 0.095312
2 0.554688 0.507812 0.081250 0.103125
2 0.710938 0.509375 0.071875 0.103125
2 0.857031 0.491406 0.079687 0.092188
2 0.098437 0.667188 0.059375 0.100000
2 0.085938 0.812500 0.059375 0.125000
2 0.253125 0.659375 0.068750 0.103125
2 0.239844 0.807031 0.070312 0.114062
2 0.397656 0.657813 0.067187 0.118750
2 0.377344 0.809375 0.070312 0.115625
2 0.543750 0.656250 0.056250 0.103125
2 0.516406 0.803906 0.101562 0.104688
2 0.692969 0.817969 0.089063 0.123438
2 0.708594 0.656250 0.076563 0.112500
2 0.857031 0.656250 0.082812 0.103125
2 0.841406 0.843750 0.114062 0.134375
