2 0.080469 0.118750 0.051562 0.096875
2 0.242969 0.107813 0.064062 0.106250
2 0.410938 0.110156 0.059375 0.107813
2 0.571094 0.107813 0.076563 0.112500
2 0.721875 0.119531 0.062500 0.135937
2 0.882812 0.117969 0.087500 0.142187
2 0.089063 0.288281 0.059375 0.139063
2 0.242969 0.290625 0.073438 0.121875
2 0.389844 0.296875 0.082812 0.131250
2 0.561719 0.300000 0.082812 0.125000
2 0.700000 0.314063 0.071875 0.125000
2 0.866406 0.323437 0.076563 0.153125
2 0.086719 0.465625 0.067187 0.125000
2 0.225781 0.464062 0.079687 0.115625
2 0.383594 0.472656 0.073438 0.120313
2 0.541406 0.469531 0.079687 0.117188
2 0.696875 0.472656 0.084375 0.117188
2 0.857812 0.501563 0.087500 0.131250
2 0.090625 0.625781 0.081250 0.123438
2 0.223438 0.625000 0.084375 0.125000
2 0.372656 0.621875 0.082812 0.115625
2 0.523438 0.642188 0.090625 0.131250
2 0.689844 0.623437 0.082812 0.121875
2 0.842187 0.642969 0.112500 0.120313
2 0.096094 0.781250 0.076563 0.131250
2 0.219531 0.774219 0.067187 0.101562
2 0.386719 0.765625 0.101562 0.115625
2 0.550781 0.771875 0.085938 0.106250
2 0.694531 0.769531 0.076563 0.123438
2 0.839063 0.785937 0.078125 0.125000
2 0.107031 0.917969 0.076563 0.110937
2 0.237500 0.909375 0.071875 0.121875
2 0.385937 0.904687 0.078125 0.125000
2 0.544531 0.895312 0.079687 0.112500
2 0.671875 0.916406 0.109375 0.135937
2 0.818750 0.917188 0.087500 0.125000
