2 0.078906 0.129688 0.067187 0.128125
2 0.263281 0.125000 0.064062 0.128125
2 0.408594 0.128906 0.070312 0.114062
2 0.566406 0.123438 0.064062 0.115625
2 0.745313 0.116406 0.084375 0.126562
2 0.914844 0.114844 0.070312 0.135937
2 0.091406 0.303906 0.067187 0.132812
2 0.259375 0.297656 0.078125 0.110937
2 0.409375 0.293750 0.084375 0.128125
2 0.564063 0.289844 0.071875 0.110937
2 0.734375 0.269531 0.087500 0.120313
2 0.901563 0.279687 0.087500 0.121875
2 0.915625 0.455469 0.068750 0.120313
2 0.728906 0.460156 0.092188 0.114062
2 0.567187 0.467187 0.081250 0.109375
2 0.407031 0.467969 0.064062 0.104688
2 0.261719 0.459375 0.070312 0.112500
2 0.083594 0.483594 0.064062 0.114062
2 0.095312 0.625781 0.065625 0.117188
2 0.252344 0.617188 0.070312 0.103125
2 0.396094 0.617969 0.070312 0.095312
2 0.571094 0.624219 0.082812 0.104688
2 0.728906 0.625000 0.079687 0.121875
2 0.914844 0.617969 0.079687 0.110937
2 0.082812 0.775000 0.075000 0.112500
2 0.082812 0.899219 0.065625 0.117188
2 0.259375 0.778906 0.062500 0.117188
2 0.249219 0.903125 0.067187 0.109375
2 0.391406 0.747656 0.067187 0.114062
2 0.404687 0.886719 0.065625 0.110937
2 0.557813 0.746875 0.065625 0.103125
2 0.555469 0.889844 0.070312 0.110937
2 0.730469 0.765625 0.067187 0.118750
2 0.722656 0.900781 0.079687 0.126562
2 0.910156 0.770312 0.085938 0.143750
2 0.904687 0.914062 0.087500 0.121875
