2 0.087500 0.103125 0.065625 0.103125
2 0.239844 0.085938 0.057813 0.100000
2 0.390625 0.080469 0.056250 0.095312
2 0.553906 0.080469 0.064062 0.110937
2 0.711719 0.078906 0.064062 0.095312
2 0.910937 0.066406 0.090625 0.114062
2 0.087500 0.260937 0.059375 0.096875
2 0.228906 0.261719 0.070312 0.092188
2 0.385156 0.260937 0.067187 0.106250
2 0.544531 0.264062 0.067187 0.109375
2 0.696094 0.266406 0.082812 0.107813
2 0.896875 0.257031 0.071875 0.126562
2 0.085156 0.410938 0.060937 0.106250
2 0.231250 0.412500 0.075000 0.103125
2 0.366406 0.415625 0.073438 0.096875
2 0.535156 0.432031 0.067187 0.120313
2 0.682813 0.423438 0.056250 0.112500
2 0.871875 0.421875 0.093750 0.106250
2 0.080469 0.539062 0.064062 0.106250
2 0.234375 0.540625 0.059375 0.096875
2 0.364844 0.550000 0.051562 0.103125
2 0.522656 0.562500 0.073438 0.093750
2 0.674219 0.568750 0.070312 0.096875
2 0.861719 0.560156 0.082812 0.107813
2 0.852344 0.701562 0.079687 0.128125
2 0.668750 0.695312 0.071875 0.100000
2 0.825781 0.882031 0.067187 0.126562
2 0.655469 0.865625 0.060937 0.121875
2 0.515625 0.868750 0.065625 0.140625
2 0.522656 0.701562 0.073438 0.106250
2 0.362500 0.690625 0.071875 0.103125
2 0.077344 0.690625 0.092188 0.106250
2 0.226562 0.692187 0.084375 0.100000
2 0.228125 0.848437 0.081250 0.106250
2 0.071094 0.864062 0.082812 0.112500
