2 0.103125 0.090625 0.065625 0.106250
2 0.262500 0.099219 0.056250 0.104688
2 0.408594 0.094531 0.064062 0.095312
2 0.564063 0.082031 0.071875 0.092188
2 0.713281 0.087500 0.067187 0.103125
2 0.870313 0.082812 0.065625 0.106250
2 0.110156 0.264844 0.076563 0.104688
2 0.249219 0.267188 0.064062 0.103125
2 0.409375 0.253906 0.071875 0.101562
2 0.571094 0.250000 0.076563 0.103125
2 0.717187 0.256250 0.081250 0.109375
2 0.867188 0.268750 0.075000 0.128125
2 0.100781 0.424219 0.067187 0.110937
2 0.243750 0.418750 0.071875 0.096875
2 0.401562 0.412500 0.056250 0.109375
2 0.553125 0.413281 0.062500 0.120313
2 0.702344 0.407031 0.076563 0.107813
2 0.850781 0.406250 0.060937 0.109375
2 0.103906 0.564844 0.060937 0.110937
2 0.243750 0.557031 0.075000 0.110937
2 0.396875 0.546094 0.059375 0.101562
2 0.550781 0.552344 0.073438 0.098437
2 0.705469 0.548438 0.064062 0.100000
2 0.849219 0.552344 0.070312 0.095312
2 0.093750 0.721094 0.081250 0.117188
2 0.235937 0.707812 0.068750 0.106250
2 0.388281 0.686719 0.060937 0.101562
2 0.539062 0.696875 0.078125 0.106250
2 0.694531 0.690625 0.076563 0.106250
2 0.840625 0.690625 0.084375 0.125000
2 0.079687 0.882031 0.071875 0.095312
2 0.231250 0.882031 0.087500 0.110937
2 0.382812 0.873437 0.068750 0.115625
2 0.519531 0.884375 0.060937 0.128125
2 0.686719 0.892969 0.070312 0.135937
2 0.823438 0.897656 0.093750 0.167187
