2 0.064844 0.120313 0.089063 0.137500
2 0.236719 0.117188 0.070312 0.112500
2 0.400000 0.135937 0.084375 0.112500
2 0.565625 0.144531 0.093750 0.110937
2 0.747656 0.138281 0.076563 0.117188
2 0.916406 0.147656 0.089063 0.129688
2 0.082031 0.336719 0.076563 0.120313
2 0.239063 0.319531 0.081250 0.114062
2 0.400000 0.325781 0.078125 0.114062
2 0.570312 0.323437 0.068750 0.112500
2 0.735938 0.315625 0.071875 0.128125
2 0.889062 0.328125 0.090625 0.115625
2 0.084375 0.471875 0.062500 0.112500
2 0.246875 0.467187 0.062500 0.115625
2 0.403906 0.478125 0.067187 0.131250
2 0.569531 0.472656 0.076563 0.123438
2 0.733594 0.480469 0.076563 0.132812
2 0.878906 0.487500 0.076563 0.121875
2 0.093750 0.625000 0.050000 0.103125
2 0.242188 0.631250 0.065625 0.112500
2 0.395313 0.625000 0.075000 0.109375
2 0.552344 0.637500 0.082812 0.125000
2 0.714844 0.632031 0.076563 0.098437
2 0.878906 0.643750 0.079687 0.115625
2 0.857031 0.763281 0.079687 0.107813
2 0.825781 0.921875 0.085938 0.118750
2 0.682813 0.914062 0.084375 0.134375
2 0.699219 0.746094 0.085938 0.114062
2 0.535937 0.764844 0.078125 0.120313
2 0.381250 0.760938 0.090625 0.112500
2 0.372656 0.921094 0.073438 0.132812
2 0.222656 0.889062 0.095312 0.100000
2 0.236719 0.762500 0.057813 0.106250
2 0.093750 0.760156 0.071875 0.095312
2 0.082031 0.903906 0.060937 0.104688
