2 0.089063 0.109375 0.068750 0.103125
2 0.272656 0.113281 0.070312 0.114062
2 0.430469 0.121094 0.067187 0.117188
2 0.610938 0.139063 0.081250 0.121875
2 0.742969 0.139063 0.070312 0.118750
2 0.893750 0.140625 0.084375 0.143750
2 0.092188 0.277344 0.065625 0.117188
2 0.103125 0.454688 0.071875 0.128125
2 0.101562 0.600781 0.071875 0.107813
2 0.095312 0.748437 0.075000 0.115625
2 0.089844 0.903906 0.076563 0.110937
2 0.285156 0.286719 0.064062 0.098437
2 0.292969 0.429688 0.067187 0.125000
2 0.278906 0.599219 0.079687 0.129688
2 0.267188 0.759375 0.068750 0.118750
2 0.257812 0.897656 0.071875 0.107813
2 0.414062 0.904687 0.059375 0.118750
2 0.426563 0.743750 0.068750 0.100000
2 0.428125 0.596094 0.078125 0.098437
2 0.442969 0.415625 0.073438 0.093750
2 0.439844 0.289844 0.067187 0.104688
2 0.604688 0.307812 0.068750 0.115625
2 0.595313 0.432812 0.071875 0.096875
2 0.596094 0.575781 0.073438 0.095312
2 0.598437 0.732812 0.068750 0.103125
2 0.589063 0.895312 0.065625 0.103125
2 0.729688 0.884375 0.084375 0.090625
2 0.728906 0.742969 0.089063 0.098437
2 0.853125 0.737500 0.062500 0.087500
2 0.863281 0.893750 0.079687 0.118750
2 0.877344 0.589844 0.085938 0.123438
2 0.727344 0.600000 0.076563 0.125000
2 0.735156 0.448437 0.064062 0.090625
2 0.872656 0.455469 0.073438 0.098437
2 0.736719 0.318750 0.073438 0.125000
2 0.892188 0.315625 0.078125 0.125000
