2 0.082031 0.098437 0.060937 0.100000
2 0.228125 0.107031 0.071875 0.107813
2 0.389062 0.117969 0.065625 0.104688
2 0.562500 0.124219 0.068750 0.098437
2 0.711719 0.124219 0.070312 0.114062
2 0.878125 0.132812 0.093750 0.121875
2 0.089063 0.290625 0.062500 0.125000
2 0.217188 0.300000 0.065625 0.106250
2 0.367969 0.292969 0.057813 0.107813
2 0.547656 0.276562 0.067187 0.115625
2 0.697656 0.286719 0.073438 0.110937
2 0.874219 0.275000 0.079687 0.109375
2 0.080469 0.448437 0.073438 0.115625
2 0.217969 0.450781 0.064062 0.095312
2 0.364063 0.444531 0.068750 0.101562
2 0.536719 0.438281 0.070312 0.126562
2 0.692187 0.432812 0.065625 0.118750
2 0.854688 0.450781 0.075000 0.129688
2 0.075781 0.593750 0.060937 0.093750
2 0.207031 0.602344 0.060937 0.095312
2 0.360938 0.581250 0.065625 0.093750
2 0.529687 0.575000 0.062500 0.103125
2 0.672656 0.592187 0.067187 0.115625
2 0.851562 0.596094 0.078125 0.104688
2 0.073438 0.760156 0.065625 0.126562
2 0.203125 0.747656 0.059375 0.107813
2 0.355469 0.742188 0.067187 0.131250
2 0.520312 0.732031 0.068750 0.110937
2 0.656250 0.726562 0.071875 0.109375
2 0.843750 0.737500 0.062500 0.109375
2 0.830469 0.878125 0.092188 0.128125
2 0.643750 0.875000 0.071875 0.118750
2 0.500781 0.871094 0.070312 0.104688
2 0.350000 0.872656 0.062500 0.101562
2 0.202344 0.917969 0.079687 0.123438
2 0.072656 0.909375 0.073438 0.112500
