2 0.222656 0.573438 0.073438 0.125000
2 0.089844 0.108594 0.057813 0.110937
2 0.082031 0.272656 0.064062 0.101562
2 0.086719 0.431250 0.076563 0.090625
2 0.080469 0.569531 0.070312 0.098437
2 0.078125 0.733594 0.062500 0.110937
2 0.060937 0.915625 0.068750 0.118750
2 0.194531 0.907031 0.070312 0.114062
2 0.328125 0.897656 0.087500 0.101562
2 0.522656 0.890625 0.085938 0.090625
2 0.682813 0.883594 0.093750 0.085938
2 0.854688 0.882812 0.103125 0.112500
2 0.877344 0.725000 0.070312 0.106250
2 0.692187 0.722656 0.071875 0.095312
2 0.561719 0.714844 0.067187 0.107813
2 0.351562 0.725000 0.062500 0.090625
2 0.217188 0.721094 0.056250 0.085938
2 0.385156 0.555469 0.057813 0.095312
2 0.571094 0.551562 0.057813 0.093750
2 0.711719 0.565625 0.060937 0.112500
2 0.883594 0.574219 0.070312 0.145313
2 0.897656 0.400000 0.070312 0.115625
2 0.243750 0.414062 0.065625 0.081250
2 0.242969 0.268750 0.067187 0.087500
2 0.251563 0.113281 0.059375 0.107813
2 0.416406 0.114062 0.054688 0.090625
2 0.411719 0.261719 0.070312 0.092188
2 0.396875 0.410938 0.059375 0.096875
2 0.578125 0.409375 0.075000 0.100000
2 0.745313 0.399219 0.084375 0.104688
2 0.582031 0.248438 0.076563 0.100000
2 0.739844 0.245312 0.073438 0.112500
2 0.914062 0.250781 0.103125 0.104688
2 0.928906 0.092969 0.082812 0.120313
2 0.755469 0.092969 0.064062 0.120313
2 0.589844 0.105469 0.060937 0.104688
