2 0.103906 0.092188 0.064062 0.106250
2 0.097656 0.255469 0.060937 0.107813
2 0.109375 0.430469 0.068750 0.092188
2 0.100000 0.583594 0.062500 0.123438
2 0.089844 0.738281 0.060937 0.101562
2 0.080469 0.901563 0.073438 0.134375
2 0.300781 0.103125 0.054688 0.121875
2 0.290625 0.260937 0.068750 0.109375
2 0.285156 0.428906 0.070312 0.101562
2 0.274219 0.582812 0.070312 0.112500
2 0.271875 0.735156 0.071875 0.110937
2 0.270313 0.884375 0.087500 0.109375
2 0.432812 0.885938 0.090625 0.112500
2 0.446875 0.724219 0.071875 0.120313
2 0.446094 0.566406 0.079687 0.104688
2 0.450000 0.421094 0.071875 0.110937
2 0.456250 0.255469 0.062500 0.110937
2 0.458594 0.102344 0.070312 0.110937
2 0.602344 0.102344 0.064062 0.092188
2 0.600781 0.262500 0.067187 0.109375
2 0.602344 0.398438 0.067187 0.121875
2 0.609375 0.557031 0.075000 0.114062
2 0.586719 0.717187 0.079687 0.125000
2 0.592187 0.882031 0.078125 0.107813
2 0.738281 0.882031 0.076563 0.120313
2 0.879687 0.902344 0.096875 0.142187
2 0.886719 0.728125 0.070312 0.109375
2 0.744531 0.714844 0.076563 0.117188
2 0.746094 0.564844 0.060937 0.110937
2 0.889844 0.553906 0.089063 0.095312
2 0.751563 0.390625 0.068750 0.103125
2 0.887500 0.384375 0.087500 0.093750
2 0.741406 0.257031 0.064062 0.114062
2 0.750000 0.092188 0.078125 0.112500
2 0.892188 0.092969 0.081250 0.117188
2 0.889844 0.260156 0.067187 0.107813
