14 0.140625 0.111719 0.053125 0.098437
14 0.275000 0.108594 0.059375 0.073438
14 0.431250 0.094531 0.062500 0.120313
14 0.573438 0.111719 0.065625 0.092188
14 0.729688 0.115625 0.053125 0.071875
14 0.857031 0.110156 0.054688 0.107813
14 0.142187 0.283594 0.046875 0.098437
14 0.275781 0.276562 0.045312 0.084375
14 0.429688 0.267969 0.043750 0.079687
14 0.584375 0.278906 0.068750 0.095312
14 0.722656 0.272656 0.045312 0.070312
14 0.860938 0.282031 0.056250 0.098437
14 0.132031 0.416406 0.064062 0.101562
14 0.271875 0.408594 0.050000 0.095312
14 0.433594 0.415625 0.057813 0.096875
14 0.585938 0.403906 0.050000 0.101562
14 0.737500 0.427344 0.065625 0.129688
14 0.867188 0.425781 0.056250 0.089063
14 0.125781 0.566406 0.051562 0.089063
14 0.269531 0.553125 0.064062 0.096875
14 0.440625 0.523438 0.056250 0.109375
14 0.588281 0.539844 0.057813 0.104688
14 0.737500 0.567187 0.046875 0.096875
14 0.868750 0.574219 0.043750 0.085938
14 0.117188 0.707031 0.053125 0.089063
14 0.268750 0.697656 0.056250 0.101562
14 0.439844 0.687500 0.067187 0.109375
14 0.578906 0.690625 0.054688 0.109375
14 0.739844 0.707031 0.067187 0.104688
14 0.874219 0.714844 0.064062 0.104688
14 0.091406 0.859375 0.051562 0.081250
14 0.264062 0.875781 0.065625 0.110937
14 0.432812 0.842187 0.043750 0.093750
14 0.571094 0.848437 0.060937 0.090625
14 0.715625 0.862500 0.043750 0.115625
14 0.871875 0.873437 0.056250 0.112500
