2 0.066406 0.118750 0.054688 0.100000
2 0.257031 0.118750 0.060937 0.109375
2 0.443750 0.113281 0.059375 0.101562
2 0.633594 0.109375 0.054688 0.106250
2 0.764844 0.113281 0.067187 0.126562
2 0.911719 0.110937 0.076563 0.140625
2 0.079687 0.278125 0.065625 0.131250
2 0.253906 0.273438 0.060937 0.100000
2 0.408594 0.266406 0.076563 0.101562
2 0.584375 0.275000 0.065625 0.106250
2 0.747656 0.275000 0.070312 0.115625
2 0.894531 0.281250 0.076563 0.134375
2 0.089063 0.447656 0.065625 0.107813
2 0.254688 0.415625 0.053125 0.093750
2 0.408594 0.408594 0.070312 0.092188
2 0.589844 0.407031 0.064062 0.107813
2 0.758594 0.402344 0.054688 0.107813
2 0.896875 0.426563 0.050000 0.096875
2 0.085938 0.607812 0.053125 0.090625
2 0.246094 0.596094 0.051562 0.110937
2 0.410156 0.574219 0.067187 0.092188
2 0.592187 0.558594 0.071875 0.104688
2 0.758594 0.567187 0.064062 0.100000
2 0.888281 0.563281 0.054688 0.107813
2 0.078906 0.732031 0.060937 0.095312
2 0.068750 0.882031 0.062500 0.123438
2 0.247656 0.728125 0.060937 0.096875
2 0.232813 0.864844 0.068750 0.101562
2 0.400781 0.861719 0.070312 0.114062
2 0.411719 0.712500 0.067187 0.100000
2 0.585156 0.712500 0.070312 0.103125
2 0.596094 0.870313 0.067187 0.125000
2 0.757031 0.721875 0.057813 0.128125
2 0.744531 0.866406 0.070312 0.110937
2 0.897656 0.715625 0.057813 0.112500
2 0.890625 0.885938 0.068750 0.128125
