2 0.074219 0.201563 0.070312 0.103125
2 0.282813 0.183594 0.078125 0.120313
2 0.448437 0.170313 0.056250 0.112500
2 0.610156 0.182031 0.064062 0.129688
2 0.802344 0.178125 0.067187 0.125000
2 0.927344 0.174219 0.073438 0.148438
2 0.056250 0.385937 0.062500 0.103125
2 0.244531 0.372656 0.064062 0.110937
2 0.425781 0.357812 0.070312 0.115625
2 0.608594 0.351562 0.073438 0.115625
2 0.786719 0.350781 0.067187 0.110937
2 0.910156 0.364063 0.082812 0.137500
2 0.071875 0.544531 0.065625 0.095312
2 0.253906 0.532031 0.054688 0.107813
2 0.435156 0.513281 0.064062 0.104688
2 0.598437 0.507031 0.056250 0.123438
2 0.762500 0.510156 0.068750 0.123438
2 0.898438 0.517188 0.081250 0.112500
2 0.074219 0.672656 0.060937 0.098437
2 0.257031 0.650000 0.060937 0.103125
2 0.436719 0.638281 0.054688 0.104688
2 0.596094 0.626563 0.073438 0.081250
2 0.745313 0.636719 0.056250 0.101562
2 0.892969 0.646094 0.067187 0.107813
2 0.892188 0.792969 0.053125 0.101562
2 0.867969 0.937500 0.089063 0.103125
2 0.728125 0.798438 0.056250 0.100000
2 0.717969 0.928125 0.076563 0.103125
2 0.575000 0.790625 0.068750 0.106250
2 0.076563 0.797656 0.056250 0.098437
2 0.250781 0.784375 0.054688 0.106250
2 0.427344 0.786719 0.060937 0.098437
2 0.418750 0.920312 0.075000 0.100000
2 0.569531 0.925781 0.060937 0.082812
2 0.256250 0.918750 0.062500 0.115625
2 0.087500 0.933594 0.068750 0.107813
