2 0.051562 0.147656 0.062500 0.104688
2 0.226562 0.144531 0.075000 0.101562
2 0.382031 0.148438 0.067187 0.096875
2 0.563281 0.153906 0.067187 0.110937
2 0.736719 0.164062 0.073438 0.125000
2 0.871875 0.161719 0.093750 0.132812
2 0.888281 0.313281 0.076563 0.120313
2 0.050781 0.300781 0.073438 0.095312
2 0.221094 0.310156 0.076563 0.107813
2 0.386719 0.305469 0.064062 0.107813
2 0.547656 0.319531 0.095312 0.126562
2 0.706250 0.318750 0.084375 0.112500
2 0.066406 0.469531 0.073438 0.107813
2 0.227344 0.458594 0.067187 0.089063
2 0.371875 0.470313 0.078125 0.096875
2 0.533594 0.475000 0.082812 0.106250
2 0.711719 0.480469 0.076563 0.107813
2 0.871094 0.478906 0.070312 0.098437
2 0.057813 0.607031 0.075000 0.107813
2 0.228906 0.595313 0.070312 0.100000
2 0.378125 0.594531 0.078125 0.098437
2 0.539844 0.609375 0.082812 0.109375
2 0.700781 0.618750 0.085938 0.106250
2 0.853906 0.621875 0.092188 0.115625
2 0.835156 0.782813 0.048438 0.103125
2 0.690625 0.760156 0.068750 0.095312
2 0.536719 0.761719 0.054688 0.098437
2 0.363281 0.755469 0.076563 0.092188
2 0.207031 0.754687 0.079687 0.106250
2 0.065625 0.763281 0.078125 0.107813
2 0.058594 0.922656 0.070312 0.104688
2 0.192188 0.927344 0.087500 0.098437
2 0.365625 0.932031 0.071875 0.110937
2 0.517188 0.932813 0.087500 0.121875
2 0.682031 0.939063 0.073438 0.109375
2 0.839063 0.932813 0.068750 0.109375
