3 0.075000 0.169531 0.068750 0.110937
3 0.280469 0.163281 0.067187 0.104688
3 0.436719 0.172656 0.070312 0.117188
3 0.614062 0.168750 0.068750 0.115625
3 0.760156 0.177344 0.073438 0.120313
3 0.922656 0.171875 0.070312 0.109375
3 0.071094 0.332813 0.070312 0.096875
3 0.263281 0.336719 0.076563 0.107813
3 0.424219 0.338281 0.076563 0.098437
3 0.608594 0.338281 0.073438 0.117188
3 0.750781 0.342969 0.073438 0.126562
3 0.909375 0.346094 0.084375 0.126562
3 0.082812 0.492969 0.053125 0.098437
3 0.264844 0.507031 0.064062 0.104688
3 0.413281 0.503125 0.070312 0.112500
3 0.595313 0.512500 0.068750 0.106250
3 0.735156 0.508594 0.067187 0.114062
3 0.900000 0.521094 0.075000 0.120313
3 0.888281 0.671094 0.079687 0.107813
3 0.721875 0.659375 0.059375 0.106250
3 0.595313 0.648438 0.065625 0.103125
3 0.405469 0.654687 0.070312 0.100000
3 0.267969 0.646094 0.064062 0.110937
3 0.087500 0.632812 0.071875 0.121875
3 0.078906 0.782031 0.067187 0.101562
3 0.257031 0.775000 0.060937 0.106250
3 0.405469 0.782813 0.070312 0.100000
3 0.584375 0.771875 0.065625 0.112500
3 0.712500 0.778125 0.075000 0.106250
3 0.878125 0.791406 0.078125 0.101562
3 0.864844 0.930469 0.089063 0.117188
3 0.699219 0.925781 0.070312 0.114062
3 0.567969 0.923438 0.073438 0.112500
3 0.398438 0.914062 0.068750 0.093750
3 0.253906 0.919531 0.073438 0.089063
3 0.085938 0.917969 0.078125 0.098437
