3 0.119531 0.106250 0.064062 0.096875
3 0.295312 0.108594 0.068750 0.110937
3 0.447656 0.111719 0.064062 0.104688
3 0.592187 0.116406 0.084375 0.126562
3 0.747656 0.110937 0.092188 0.134375
3 0.935156 0.081250 0.089063 0.134375
3 0.109375 0.276562 0.075000 0.125000
3 0.290625 0.282031 0.078125 0.107813
3 0.437500 0.273438 0.081250 0.115625
3 0.593750 0.290625 0.081250 0.137500
3 0.746875 0.294531 0.093750 0.120313
3 0.920312 0.299219 0.096875 0.132812
3 0.093750 0.451562 0.078125 0.112500
3 0.269531 0.442969 0.082812 0.110937
3 0.429688 0.427344 0.087500 0.117188
3 0.575781 0.430469 0.082812 0.123438
3 0.734375 0.447656 0.084375 0.129688
3 0.914062 0.455469 0.081250 0.132812
3 0.104688 0.600000 0.090625 0.112500
3 0.270313 0.610156 0.093750 0.120313
3 0.417969 0.609375 0.085938 0.125000
3 0.564063 0.614844 0.090625 0.151562
3 0.718750 0.618750 0.093750 0.140625
3 0.910937 0.635156 0.093750 0.142187
3 0.086719 0.760938 0.073438 0.121875
3 0.240625 0.733594 0.078125 0.117188
3 0.403125 0.753906 0.084375 0.114062
3 0.545312 0.763281 0.081250 0.117188
3 0.703125 0.769531 0.084375 0.110937
3 0.878906 0.770312 0.092188 0.140625
3 0.067969 0.910937 0.079687 0.121875
3 0.228906 0.896875 0.085938 0.118750
3 0.401562 0.896875 0.087500 0.128125
3 0.539062 0.917969 0.096875 0.110937
3 0.698438 0.910156 0.103125 0.114062
3 0.864844 0.935937 0.092188 0.128125
