3 0.107813 0.079687 0.065625 0.112500
3 0.246094 0.079687 0.064062 0.112500
3 0.414062 0.092969 0.075000 0.117188
3 0.571094 0.090625 0.079687 0.109375
3 0.721094 0.103125 0.076563 0.128125
3 0.878906 0.095312 0.079687 0.118750
3 0.110156 0.262500 0.082812 0.115625
3 0.238281 0.270313 0.079687 0.115625
3 0.403125 0.271094 0.087500 0.123438
3 0.557813 0.284375 0.081250 0.137500
3 0.696875 0.286719 0.093750 0.123438
3 0.845313 0.287500 0.093750 0.131250
3 0.100781 0.414062 0.079687 0.109375
3 0.238281 0.415625 0.073438 0.106250
3 0.400000 0.419531 0.078125 0.107813
3 0.537500 0.431250 0.081250 0.121875
3 0.671094 0.436719 0.076563 0.117188
3 0.839844 0.458594 0.076563 0.129688
3 0.090625 0.574219 0.084375 0.135937
3 0.245312 0.580469 0.087500 0.129688
3 0.387500 0.583594 0.081250 0.135937
3 0.527344 0.598437 0.089063 0.140625
3 0.680469 0.591406 0.101562 0.145313
3 0.835938 0.604688 0.096875 0.131250
3 0.095312 0.728125 0.078125 0.112500
3 0.236719 0.710938 0.082812 0.106250
3 0.379688 0.723437 0.078125 0.121875
3 0.516406 0.725000 0.085938 0.118750
3 0.646875 0.729688 0.096875 0.106250
3 0.807813 0.755469 0.100000 0.110937
3 0.792969 0.931250 0.085938 0.137500
3 0.637500 0.908594 0.078125 0.132812
3 0.514844 0.897656 0.089063 0.132812
3 0.358594 0.896875 0.098437 0.118750
3 0.210156 0.892969 0.085938 0.120313
3 0.082812 0.878906 0.078125 0.123438
