3 0.104688 0.114844 0.059375 0.110937
3 0.250000 0.119531 0.071875 0.120313
3 0.424219 0.116406 0.082812 0.132812
3 0.585156 0.117969 0.076563 0.129688
3 0.725781 0.115625 0.073438 0.134375
3 0.882031 0.092969 0.073438 0.104688
3 0.110937 0.285938 0.075000 0.118750
3 0.243750 0.285156 0.078125 0.114062
3 0.414844 0.275000 0.079687 0.125000
3 0.589844 0.264844 0.085938 0.117188
3 0.728125 0.271094 0.068750 0.123438
3 0.889844 0.248438 0.095312 0.128125
3 0.108594 0.414062 0.079687 0.115625
3 0.233594 0.424219 0.082812 0.110937
3 0.398438 0.427344 0.087500 0.120313
3 0.573438 0.430469 0.100000 0.129688
3 0.727344 0.400000 0.082812 0.115625
3 0.875781 0.392188 0.070312 0.118750
3 0.108594 0.581250 0.076563 0.125000
3 0.225000 0.564063 0.071875 0.118750
3 0.386719 0.579688 0.082812 0.128125
3 0.559375 0.592969 0.081250 0.145313
3 0.710938 0.581250 0.090625 0.146875
3 0.873437 0.563281 0.084375 0.129688
3 0.855469 0.717969 0.095312 0.135937
3 0.090625 0.731250 0.078125 0.118750
3 0.207031 0.724219 0.073438 0.107813
3 0.351562 0.725000 0.056250 0.109375
3 0.509375 0.721094 0.087500 0.098437
3 0.674219 0.717969 0.067187 0.110937
3 0.835156 0.901563 0.079687 0.131250
3 0.668750 0.904687 0.075000 0.121875
3 0.490625 0.895312 0.087500 0.118750
3 0.332813 0.887500 0.071875 0.109375
3 0.212500 0.888281 0.084375 0.114062
3 0.086719 0.890625 0.101562 0.118750
