3 0.115625 0.099219 0.078125 0.092188
3 0.257031 0.102344 0.079687 0.117188
3 0.428906 0.099219 0.070312 0.104688
3 0.570312 0.092969 0.068750 0.104688
3 0.708594 0.092188 0.076563 0.103125
3 0.846094 0.082812 0.076563 0.112500
3 0.108594 0.257812 0.073438 0.103125
3 0.250000 0.250781 0.068750 0.101562
3 0.431250 0.249219 0.071875 0.107813
3 0.567969 0.240625 0.076563 0.100000
3 0.696094 0.239844 0.079687 0.107813
3 0.833594 0.240625 0.079687 0.112500
3 0.107813 0.396875 0.081250 0.121875
3 0.236719 0.399219 0.089063 0.117188
3 0.407813 0.390625 0.087500 0.103125
3 0.552344 0.394531 0.089063 0.126562
3 0.684375 0.388281 0.078125 0.117188
3 0.812500 0.405469 0.093750 0.132812
3 0.096094 0.635156 0.076563 0.092188
3 0.229687 0.597656 0.081250 0.126562
3 0.378125 0.576562 0.078125 0.134375
3 0.528906 0.592969 0.079687 0.123438
3 0.667969 0.569531 0.070312 0.126562
3 0.817187 0.585156 0.078125 0.126562
3 0.077344 0.776563 0.070312 0.115625
3 0.221875 0.778125 0.084375 0.106250
3 0.360938 0.779687 0.093750 0.128125
3 0.523438 0.772656 0.093750 0.107813
3 0.663281 0.753906 0.079687 0.120313
3 0.808594 0.750781 0.073438 0.120313
3 0.810937 0.911719 0.084375 0.107813
3 0.647656 0.907813 0.085938 0.106250
3 0.519531 0.933594 0.085938 0.123438
3 0.356250 0.925000 0.090625 0.121875
3 0.203125 0.928906 0.096875 0.117188
3 0.067187 0.917969 0.081250 0.123438
