3 0.132812 0.101562 0.059375 0.090625
3 0.253906 0.103125 0.051562 0.093750
3 0.382031 0.113281 0.060937 0.089063
3 0.539844 0.113281 0.070312 0.101562
3 0.683594 0.116406 0.057813 0.095312
3 0.818750 0.121875 0.071875 0.112500
3 0.125000 0.232813 0.068750 0.093750
3 0.247656 0.242188 0.067187 0.081250
3 0.369531 0.240625 0.067187 0.090625
3 0.528125 0.252344 0.075000 0.098437
3 0.672656 0.257812 0.070312 0.109375
3 0.805469 0.269531 0.067187 0.101562
3 0.124219 0.401562 0.067187 0.128125
3 0.238281 0.389844 0.060937 0.092188
3 0.364063 0.398438 0.065625 0.096875
3 0.513281 0.407031 0.067187 0.107813
3 0.672656 0.423438 0.073438 0.112500
3 0.802344 0.423438 0.060937 0.103125
3 0.125781 0.551562 0.067187 0.112500
3 0.228906 0.548438 0.054688 0.106250
3 0.353125 0.551562 0.062500 0.100000
3 0.500781 0.556250 0.092188 0.109375
3 0.658594 0.567969 0.082812 0.104688
3 0.778906 0.579688 0.076563 0.109375
3 0.107031 0.704688 0.070312 0.106250
3 0.239063 0.696875 0.071875 0.109375
3 0.375781 0.694531 0.079687 0.117188
3 0.522656 0.699219 0.092188 0.117188
3 0.682031 0.704688 0.092188 0.112500
3 0.828906 0.708594 0.092188 0.126562
3 0.121094 0.885156 0.098437 0.114062
3 0.239844 0.879687 0.070312 0.115625
3 0.366406 0.892188 0.079687 0.131250
3 0.500000 0.900781 0.087500 0.126562
3 0.649219 0.898438 0.089063 0.121875
3 0.817969 0.903125 0.089063 0.115625
