3 0.069531 0.124219 0.060937 0.117188
3 0.236719 0.117969 0.064062 0.098437
3 0.397656 0.112500 0.067187 0.100000
3 0.591406 0.092188 0.070312 0.118750
3 0.753906 0.094531 0.089063 0.123438
3 0.891406 0.103906 0.098437 0.132812
3 0.071875 0.289062 0.087500 0.128125
3 0.228906 0.283594 0.079687 0.123438
3 0.377344 0.265625 0.079687 0.106250
3 0.566406 0.257812 0.085938 0.121875
3 0.721875 0.264844 0.087500 0.123438
3 0.904687 0.267188 0.090625 0.121875
3 0.074219 0.439063 0.089063 0.121875
3 0.224219 0.432031 0.082812 0.120313
3 0.378125 0.401562 0.081250 0.106250
3 0.541406 0.401562 0.085938 0.106250
3 0.716406 0.414844 0.079687 0.117188
3 0.896875 0.418750 0.103125 0.131250
3 0.060937 0.610156 0.087500 0.132812
3 0.217188 0.596875 0.087500 0.143750
3 0.368750 0.587500 0.081250 0.125000
3 0.535156 0.573438 0.085938 0.137500
3 0.697656 0.568750 0.092188 0.118750
3 0.873437 0.567187 0.087500 0.109375
3 0.054688 0.757031 0.087500 0.120313
3 0.213281 0.749219 0.079687 0.120313
3 0.361719 0.746875 0.082812 0.128125
3 0.527344 0.739062 0.085938 0.121875
3 0.682031 0.747656 0.104688 0.120313
3 0.866406 0.729688 0.092188 0.143750
3 0.871875 0.917188 0.093750 0.128125
3 0.683594 0.932031 0.082812 0.135937
3 0.532031 0.900000 0.098437 0.131250
3 0.360156 0.914062 0.085938 0.115625
3 0.203125 0.914844 0.081250 0.129688
3 0.065625 0.914844 0.103125 0.135937
