14 0.104688 0.123438 0.056250 0.096875
14 0.227344 0.110156 0.045312 0.070312
14 0.367969 0.110156 0.045312 0.107813
14 0.475000 0.121094 0.053125 0.079687
14 0.617188 0.109375 0.065625 0.100000
14 0.755469 0.108594 0.054688 0.098437
14 0.099219 0.267188 0.060937 0.106250
14 0.236719 0.263281 0.054688 0.089063
14 0.396094 0.261719 0.051562 0.110937
14 0.545312 0.252344 0.056250 0.085938
14 0.687500 0.270313 0.056250 0.109375
14 0.837500 0.247656 0.046875 0.095312
14 0.107813 0.407813 0.056250 0.096875
14 0.247656 0.398438 0.042188 0.065625
14 0.404687 0.419531 0.053125 0.114062
14 0.555469 0.400781 0.051562 0.079687
14 0.696875 0.404687 0.059375 0.112500
14 0.845313 0.419531 0.050000 0.064062
14 0.108594 0.539844 0.039062 0.064062
14 0.253125 0.543750 0.050000 0.096875
14 0.397656 0.548438 0.039062 0.059375
14 0.564063 0.543750 0.056250 0.084375
14 0.692969 0.535937 0.051562 0.106250
14 0.838281 0.546094 0.039062 0.051562
14 0.072656 0.715625 0.067187 0.103125
14 0.251563 0.684375 0.040625 0.059375
14 0.391406 0.701562 0.060937 0.106250
14 0.547656 0.703125 0.042188 0.090625
14 0.710938 0.709375 0.050000 0.112500
14 0.835156 0.717969 0.042188 0.067187
14 0.089844 0.858594 0.070312 0.132812
14 0.252344 0.851562 0.048438 0.093750
14 0.373437 0.850781 0.053125 0.092188
14 0.540625 0.858594 0.068750 0.092188
14 0.702344 0.857031 0.051562 0.092188
14 0.860156 0.869531 0.054688 0.110937
