3 0.109375 0.081250 0.059375 0.096875
3 0.233594 0.087500 0.070312 0.103125
3 0.390625 0.087500 0.075000 0.109375
3 0.560937 0.085938 0.084375 0.121875
3 0.733594 0.092188 0.101562 0.118750
3 0.867969 0.086719 0.076563 0.117188
3 0.103125 0.232031 0.081250 0.114062
3 0.228906 0.243750 0.067187 0.103125
3 0.372656 0.252344 0.079687 0.120313
3 0.541406 0.250781 0.073438 0.114062
3 0.713281 0.260937 0.079687 0.118750
3 0.864062 0.256250 0.090625 0.125000
3 0.103906 0.408594 0.073438 0.123438
3 0.220312 0.405469 0.081250 0.110937
3 0.344531 0.400000 0.076563 0.109375
3 0.505469 0.416406 0.082812 0.117188
3 0.688281 0.410156 0.079687 0.126562
3 0.864844 0.417969 0.082812 0.126562
3 0.089844 0.565625 0.076563 0.118750
3 0.214844 0.566406 0.076563 0.104688
3 0.337500 0.574219 0.087500 0.104688
3 0.493750 0.570312 0.068750 0.121875
3 0.644531 0.582031 0.073438 0.107813
3 0.860938 0.587500 0.071875 0.131250
3 0.074219 0.707812 0.070312 0.100000
3 0.194531 0.713281 0.085938 0.107813
3 0.322656 0.717187 0.070312 0.109375
3 0.473438 0.729688 0.081250 0.118750
3 0.686719 0.735156 0.085938 0.114062
3 0.850781 0.740625 0.070312 0.112500
3 0.061719 0.889844 0.082812 0.117188
3 0.166406 0.892188 0.070312 0.118750
3 0.293750 0.889844 0.087500 0.129688
3 0.456250 0.896094 0.093750 0.123438
3 0.664062 0.900000 0.093750 0.125000
3 0.828125 0.910156 0.096875 0.151562
