0 0.069531 0.052344 0.014063 0.045312
0 0.150781 0.053906 0.017188 0.054688
0 0.728906 0.425000 0.017188 0.065625
0 0.762500 0.428906 0.021875 0.067187
0 0.067969 0.343750 0.020313 0.068750
0 0.200781 0.346094 0.017188 0.073438
0 0.355469 0.337500 0.026562 0.059375
0 0.862500 0.057813 0.015625 0.062500
0 0.088281 0.453125 0.020313 0.059375
0 0.221094 0.740625 0.017188 0.056250
1 0.278125 0.050000 0.034375 0.056250
1 0.075000 0.139063 0.037500 0.053125
1 0.190625 0.135156 0.040625 0.051562
1 0.208594 0.242969 0.048438 0.057813
1 0.349219 0.239063 0.054688 0.065625
1 0.219531 0.446094 0.048438 0.051562
1 0.377344 0.448437 0.060937 0.062500
12 0.134375 0.132812 0.031250 0.043750
12 0.667188 0.045312 0.031250 0.046875
12 0.674219 0.145313 0.035937 0.053125
12 0.678125 0.322656 0.040625 0.054688
12 0.140625 0.342969 0.040625 0.060937
12 0.157812 0.449219 0.037500 0.051562
12 0.159375 0.650781 0.037500 0.057813
12 0.682813 0.528906 0.040625 0.054688
12 0.680469 0.632031 0.039062 0.048438
12 0.676562 0.745313 0.034375 0.043750
9 0.102344 0.057031 0.032813 0.045312
9 0.153906 0.542969 0.042188 0.060937
3 0.338281 0.139844 0.039062 0.060937
3 0.083594 0.239844 0.048438 0.073438
3 0.223438 0.542969 0.043750 0.067187
8 0.605469 0.050000 0.035937 0.081250
8 0.721875 0.051562 0.034375 0.068750
8 0.606250 0.145313 0.034375 0.071875
8 0.732812 0.250000 0.034375 0.071875
8 0.896094 0.353906 0.032813 0.076563
6 0.733594 0.153125 0.032813 0.071875
6 0.853125 0.250781 0.031250 0.082812
6 0.596875 0.328125 0.037500 0.065625
6 0.729688 0.330469 0.031250 0.067187
6 0.564063 0.425000 0.040625 0.065625
6 0.615625 0.427344 0.040625 0.070312
6 0.882031 0.442188 0.039062 0.081250
6 0.367188 0.555469 0.037500 0.089063
6 0.594531 0.532813 0.042188 0.065625
6 0.589844 0.639844 0.032813 0.054688
5 0.578906 0.238281 0.035937 0.073438
5 0.232813 0.634375 0.031250 0.071875
5 0.917188 0.535156 0.031250 0.070312
5 0.933594 0.634375 0.032813 0.071875
5 0.928906 0.740625 0.032813 0.071875
5 0.589063 0.746875 0.034375 0.068750
5 0.741406 0.742969 0.032813 0.089063
11 0.141406 0.241406 0.039062 0.045312
11 0.679688 0.242188 0.037500 0.050000
11 0.685156 0.424219 0.039062 0.051562
11 0.159375 0.739062 0.037500 0.043750
2 0.625781 0.240625 0.035937 0.056250
2 0.076563 0.542969 0.037500 0.073438
4 0.875000 0.535156 0.037500 0.060937
4 0.892188 0.639062 0.040625 0.056250
4 0.078906 0.647656 0.054688 0.067187
2 0.384375 0.646094 0.031250 0.060937
2 0.063281 0.741406 0.026562 0.057813
2 0.391406 0.745313 0.039062 0.075000
2 0.869531 0.156250 0.035937 0.068750
5 0.834375 0.143750 0.028125 0.071875
7 0.826562 0.052344 0.040625 0.057813
7 0.753125 0.635156 0.037500 0.067187
7 0.750000 0.529687 0.053125 0.078125
14 0.252344 0.739844 0.039062 0.051562
2 0.887500 0.745313 0.034375 0.062500
3 0.853125 0.337500 0.046875 0.065625
13 0.209375 0.048438 0.031250 0.031250
13 0.271875 0.136719 0.037500 0.039062
13 0.779687 0.047656 0.031250 0.035937
13 0.789844 0.150781 0.029687 0.039062
13 0.799219 0.246094 0.035937 0.035937
13 0.281250 0.231250 0.037500 0.034375
13 0.285938 0.346094 0.043750 0.029687
13 0.304688 0.449219 0.040625 0.032813
13 0.311719 0.541406 0.042188 0.029687
13 0.792188 0.338281 0.037500 0.035937
13 0.817969 0.433594 0.035937 0.039062
13 0.828125 0.532031 0.037500 0.035937
13 0.829688 0.635938 0.034375 0.037500
13 0.321094 0.644531 0.042188 0.039062
13 0.317969 0.742969 0.039062 0.032813
13 0.828125 0.745313 0.031250 0.043750
14 0.429688 0.648438 0.037500 0.050000
