4 0.064844 0.136719 0.039062 0.054688
4 0.237500 0.125000 0.043750 0.050000
4 0.946875 0.104688 0.043750 0.059375
4 0.600000 0.216406 0.046875 0.060937
0 0.046094 0.240625 0.017188 0.056250
14 0.078125 0.247656 0.034375 0.057813
14 0.910156 0.608594 0.039062 0.051562
0 0.553906 0.221094 0.014063 0.057813
0 0.557031 0.114062 0.017188 0.065625
0 0.369531 0.121875 0.020313 0.053125
0 0.375781 0.347656 0.017188 0.060937
0 0.417187 0.338281 0.015625 0.070312
0 0.899219 0.321094 0.014063 0.067187
0 0.059375 0.510938 0.021875 0.062500
0 0.094531 0.499219 0.020313 0.076563
0 0.379688 0.472656 0.015625 0.070312
0 0.546094 0.467969 0.014063 0.064062
6 0.610156 0.114062 0.039062 0.071875
6 0.916406 0.467187 0.051562 0.090625
6 0.241406 0.352344 0.042188 0.079687
6 0.079687 0.639062 0.034375 0.068750
6 0.742188 0.732031 0.040625 0.082812
1 0.740625 0.109375 0.043750 0.068750
1 0.752344 0.467187 0.048438 0.068750
1 0.572656 0.615625 0.042188 0.059375
1 0.725000 0.606250 0.040625 0.068750
1 0.385156 0.617969 0.035937 0.060937
5 0.235937 0.228125 0.040625 0.087500
5 0.905469 0.210938 0.039062 0.084375
5 0.582812 0.331250 0.034375 0.093750
5 0.251563 0.483594 0.037500 0.089063
5 0.101562 0.732812 0.028125 0.075000
5 0.420312 0.725000 0.031250 0.075000
5 0.597656 0.722656 0.039062 0.089063
3 0.075781 0.353906 0.048438 0.073438
3 0.273438 0.624219 0.040625 0.079687
3 0.586719 0.464844 0.048438 0.076563
8 0.742188 0.219531 0.034375 0.079687
7 0.749219 0.332031 0.054688 0.085938
7 0.618750 0.615625 0.050000 0.071875
7 0.771875 0.622656 0.037500 0.064062
7 0.431250 0.626563 0.046875 0.068750
2 0.064844 0.746875 0.039062 0.068750
2 0.255469 0.732812 0.032813 0.068750
6 0.424219 0.485938 0.035937 0.084375
0 0.882812 0.729688 0.018750 0.078125
2 0.922656 0.727344 0.039062 0.073438
3 0.394531 0.222656 0.054688 0.079687
9 0.157031 0.126562 0.032813 0.043750
9 0.171094 0.346875 0.045312 0.062500
9 0.682031 0.324219 0.042188 0.064062
9 0.175781 0.485938 0.039062 0.062500
9 0.671094 0.734375 0.039062 0.059375
10 0.166406 0.233594 0.039062 0.026562
10 0.667969 0.216406 0.035937 0.023438
10 0.667969 0.107813 0.032813 0.018750
10 0.678906 0.614062 0.035937 0.021875
10 0.207031 0.732031 0.039062 0.017188
11 0.682813 0.464062 0.043750 0.062500
12 0.202344 0.625781 0.039062 0.060937
13 0.307812 0.125781 0.037500 0.032813
13 0.307812 0.225781 0.040625 0.039062
13 0.842187 0.103906 0.043750 0.039062
13 0.830469 0.214062 0.045312 0.037500
13 0.331250 0.349219 0.043750 0.039062
13 0.853125 0.334375 0.046875 0.037500
13 0.839844 0.458594 0.051562 0.039062
13 0.333594 0.471875 0.039062 0.034375
13 0.343750 0.617969 0.034375 0.042188
13 0.346875 0.735938 0.046875 0.037500
13 0.846094 0.611719 0.045312 0.035937
13 0.828906 0.732812 0.042188 0.037500
3 0.946094 0.322656 0.048438 0.076563
