3 0.085156 0.098437 0.054688 0.078125
3 0.215625 0.100000 0.056250 0.087500
3 0.669531 0.109375 0.060937 0.090625
7 0.342969 0.105469 0.054688 0.085938
7 0.536719 0.108594 0.054688 0.092188
7 0.573438 0.244531 0.043750 0.076563
7 0.381250 0.231250 0.059375 0.078125
7 0.435937 0.692969 0.046875 0.076563
7 0.636719 0.699219 0.054688 0.079687
0 0.803906 0.110937 0.020313 0.087500
0 0.053125 0.235156 0.015625 0.067187
0 0.432812 0.382031 0.025000 0.114062
0 0.710938 0.386719 0.015625 0.085938
0 0.601562 0.393750 0.018750 0.075000
0 0.363281 0.508594 0.020313 0.079687
0 0.571875 0.524219 0.018750 0.089063
5 0.212500 0.217188 0.040625 0.093750
5 0.224219 0.363281 0.045312 0.104688
5 0.942187 0.521094 0.040625 0.101562
5 0.221875 0.489844 0.050000 0.107813
5 0.125781 0.677344 0.045312 0.101562
0 0.532031 0.236719 0.020313 0.070312
0 0.329688 0.238281 0.018750 0.076563
1 0.854688 0.109375 0.053125 0.071875
1 0.849219 0.246094 0.045312 0.070312
1 0.107031 0.232031 0.057813 0.070312
1 0.075000 0.379688 0.050000 0.068750
1 0.078125 0.510938 0.059375 0.075000
1 0.246094 0.674219 0.064062 0.070312
1 0.414844 0.510156 0.051562 0.070312
1 0.628125 0.513281 0.062500 0.073438
1 0.758594 0.694531 0.057813 0.060937
1 0.582812 0.696094 0.068750 0.064062
4 0.125000 0.382031 0.050000 0.079687
4 0.905469 0.250781 0.057813 0.076563
2 0.564063 0.392188 0.053125 0.084375
2 0.833594 0.385937 0.042188 0.081250
2 0.370312 0.377344 0.043750 0.089063
2 0.069531 0.684375 0.054688 0.087500
1 0.390625 0.674219 0.059375 0.070312
2 0.763281 0.519531 0.045312 0.092188
2 0.889062 0.516406 0.046875 0.082812
2 0.869531 0.696875 0.042188 0.090625
6 0.713281 0.250781 0.045312 0.079687
14 0.885938 0.396094 0.043750 0.060937
14 0.928906 0.696875 0.045312 0.068750
9 0.153125 0.098437 0.037500 0.059375
9 0.592969 0.113281 0.042188 0.060937
9 0.643750 0.244531 0.046875 0.067187
9 0.158594 0.232813 0.042188 0.062500
9 0.175000 0.377344 0.037500 0.060937
9 0.701562 0.700781 0.046875 0.070312
9 0.175000 0.678906 0.043750 0.070312
10 0.650781 0.388281 0.042188 0.026562
12 0.159375 0.515625 0.050000 0.071875
12 0.692187 0.519531 0.050000 0.073438
13 0.275000 0.103125 0.043750 0.046875
13 0.759375 0.110937 0.043750 0.040625
13 0.285938 0.239063 0.043750 0.043750
13 0.783594 0.250781 0.051562 0.042188
13 0.776563 0.387500 0.046875 0.050000
13 0.299219 0.380469 0.048438 0.039062
13 0.310156 0.500781 0.057813 0.042188
13 0.316406 0.680469 0.051562 0.048438
13 0.818750 0.691406 0.053125 0.035937
13 0.828125 0.516406 0.050000 0.035937
