10 0.344531 0.142187 0.079687 0.028125
9 0.382812 0.396094 0.078125 0.126562
12 0.407813 0.628125 0.078125 0.090625
11 0.425781 0.857031 0.070312 0.107813
8 0.221094 0.150000 0.089063 0.187500
5 0.494531 0.128906 0.070312 0.157812
4 0.763281 0.139063 0.089063 0.128125
2 0.771094 0.402344 0.073438 0.142187
3 0.253125 0.411719 0.096875 0.142187
7 0.493750 0.392969 0.071875 0.145313
0 0.797656 0.646094 0.020313 0.148438
1 0.826562 0.868750 0.096875 0.121875
6 0.235156 0.660937 0.073438 0.153125
1 0.548438 0.635156 0.103125 0.120313
0 0.259375 0.875000 0.021875 0.137500
8 0.535156 0.869531 0.079687 0.160938
13 0.629687 0.142187 0.081250 0.065625
13 0.650000 0.403125 0.068750 0.062500
13 0.701562 0.645312 0.078125 0.065625
13 0.730469 0.864062 0.064062 0.059375
