14 0.739062 0.180469 0.068750 0.132812
7 0.202344 0.170313 0.082812 0.153125
8 0.455469 0.165625 0.079687 0.162500
8 0.789062 0.860156 0.071875 0.176563
0 0.184375 0.400781 0.034375 0.157812
10 0.324219 0.180469 0.060937 0.029687
9 0.357031 0.381250 0.085938 0.118750
1 0.522656 0.385937 0.110937 0.118750
2 0.765625 0.403125 0.081250 0.146875
5 0.793750 0.632031 0.062500 0.151562
4 0.542969 0.618750 0.101562 0.143750
3 0.175781 0.652344 0.101562 0.160938
10 0.366406 0.632812 0.095312 0.046875
6 0.178906 0.864844 0.082812 0.154688
11 0.379688 0.816406 0.090625 0.104688
7 0.524219 0.836719 0.092188 0.151562
13 0.614062 0.181250 0.075000 0.062500
13 0.663281 0.385937 0.082812 0.081250
13 0.684375 0.610156 0.081250 0.064062
13 0.674219 0.840625 0.089063 0.071875
