0 0.173437 0.164062 0.025000 0.103125
1 0.435937 0.146875 0.068750 0.100000
13 0.586719 0.145313 0.060937 0.056250
2 0.707812 0.155469 0.075000 0.142187
3 0.182812 0.371875 0.071875 0.134375
4 0.433594 0.353125 0.076563 0.112500
5 0.708594 0.345313 0.064062 0.168750
6 0.201563 0.621875 0.075000 0.156250
7 0.442188 0.593750 0.068750 0.143750
8 0.713281 0.595313 0.064062 0.162500
4 0.742969 0.797656 0.085938 0.104688
14 0.218750 0.834375 0.062500 0.109375
11 0.349219 0.810937 0.067187 0.100000
1 0.483594 0.800000 0.073438 0.087500
9 0.290625 0.157031 0.059375 0.092188
10 0.304688 0.362500 0.053125 0.031250
12 0.326562 0.591406 0.062500 0.082812
13 0.578906 0.358594 0.067187 0.067187
13 0.615625 0.588281 0.062500 0.064062
13 0.633594 0.804688 0.067187 0.062500
