1 0.165625 0.153906 0.071875 0.101562
1 0.745313 0.760156 0.093750 0.129688
0 0.458594 0.555469 0.023438 0.135937
2 0.421875 0.143750 0.062500 0.106250
5 0.689844 0.130469 0.057813 0.135937
5 0.190625 0.326562 0.053125 0.121875
6 0.443750 0.351562 0.065625 0.131250
8 0.183594 0.566406 0.057813 0.151562
4 0.723437 0.526563 0.090625 0.118750
3 0.203906 0.783594 0.082812 0.120313
6 0.482031 0.759375 0.057813 0.125000
7 0.702344 0.339844 0.076563 0.132812
12 0.297656 0.160156 0.060937 0.092188
9 0.316406 0.339844 0.057813 0.095312
10 0.321875 0.546094 0.056250 0.035937
11 0.341406 0.771875 0.057813 0.100000
13 0.572656 0.144531 0.057813 0.064062
13 0.592969 0.342969 0.060937 0.070312
13 0.594531 0.544531 0.070312 0.057813
13 0.617969 0.768750 0.060937 0.062500
