5 0.168750 0.156250 0.065625 0.153125
11 0.307812 0.146094 0.078125 0.092188
1 0.432812 0.142969 0.100000 0.120313
13 0.581250 0.135937 0.059375 0.065625
0 0.709375 0.130469 0.025000 0.157812
4 0.182812 0.401562 0.090625 0.137500
12 0.338281 0.376563 0.070312 0.096875
3 0.453906 0.378125 0.089063 0.165625
13 0.621094 0.360156 0.064062 0.067187
5 0.740625 0.353125 0.065625 0.146875
10 0.346875 0.604688 0.078125 0.037500
6 0.197656 0.625781 0.101562 0.117188
7 0.475781 0.588281 0.079687 0.129688
13 0.631250 0.567187 0.056250 0.046875
2 0.771875 0.581250 0.093750 0.162500
8 0.220312 0.827344 0.071875 0.157812
9 0.369531 0.807031 0.076563 0.110937
1 0.528906 0.789844 0.082812 0.110937
13 0.642188 0.789062 0.059375 0.075000
14 0.758594 0.775781 0.057813 0.120313
