5 0.227344 0.169531 0.064062 0.151562
1 0.483594 0.157812 0.092188 0.115625
0 0.746094 0.149219 0.032813 0.157812
4 0.238281 0.403906 0.085938 0.126562
12 0.391406 0.381250 0.067187 0.093750
3 0.501563 0.383594 0.084375 0.157812
13 0.660937 0.366406 0.065625 0.067187
5 0.773438 0.362500 0.062500 0.140625
6 0.253906 0.621875 0.095312 0.112500
10 0.400781 0.592187 0.067187 0.025000
7 0.521875 0.588281 0.081250 0.126562
13 0.670312 0.567969 0.068750 0.060937
2 0.804688 0.582812 0.093750 0.150000
8 0.271875 0.816406 0.062500 0.154688
9 0.414062 0.792188 0.081250 0.100000
1 0.571875 0.780469 0.090625 0.110937
13 0.678125 0.778906 0.056250 0.067187
14 0.790625 0.769531 0.053125 0.120313
11 0.361719 0.164844 0.073438 0.089063
13 0.625000 0.153125 0.071875 0.062500
