14 0.114844 0.082031 0.064062 0.104688
14 0.253125 0.078125 0.050000 0.071875
14 0.410938 0.096094 0.059375 0.110937
14 0.544531 0.095312 0.045312 0.068750
14 0.694531 0.084375 0.054688 0.109375
14 0.854688 0.083594 0.056250 0.067187
14 0.103906 0.256250 0.057813 0.090625
14 0.262500 0.226562 0.056250 0.106250
14 0.411719 0.235156 0.039062 0.076563
14 0.571094 0.251563 0.079687 0.109375
14 0.700781 0.253906 0.048438 0.054688
14 0.859375 0.246875 0.068750 0.103125
14 0.107813 0.430469 0.056250 0.095312
14 0.259375 0.422656 0.037500 0.082812
14 0.403906 0.398438 0.045312 0.081250
14 0.585938 0.421875 0.053125 0.121875
14 0.706250 0.413281 0.031250 0.051562
14 0.860156 0.407813 0.067187 0.096875
14 0.116406 0.581250 0.064062 0.121875
14 0.245312 0.585938 0.037500 0.053125
14 0.417187 0.575781 0.071875 0.101562
14 0.593750 0.586719 0.053125 0.073438
14 0.717969 0.550781 0.070312 0.120313
14 0.853125 0.564844 0.056250 0.092188
14 0.103125 0.731250 0.056250 0.093750
14 0.266406 0.717187 0.070312 0.096875
14 0.417187 0.696094 0.046875 0.076563
14 0.591406 0.725781 0.070312 0.114062
14 0.722656 0.701562 0.042188 0.062500
14 0.860938 0.723437 0.050000 0.096875
14 0.100781 0.868750 0.064062 0.103125
14 0.261719 0.878125 0.073438 0.096875
14 0.413281 0.872656 0.057813 0.092188
14 0.603906 0.894531 0.054688 0.092188
14 0.749219 0.889062 0.060937 0.084375
14 0.875000 0.903125 0.056250 0.090625
