14 0.193750 0.118750 0.068750 0.118750
9 0.337500 0.125000 0.065625 0.096875
0 0.455469 0.127344 0.029687 0.154688
13 0.603906 0.139844 0.076563 0.070312
1 0.726562 0.150000 0.093750 0.112500
1 0.198437 0.341406 0.090625 0.110937
10 0.320312 0.330469 0.081250 0.026562
2 0.467187 0.342187 0.081250 0.143750
13 0.593750 0.337500 0.068750 0.071875
3 0.723437 0.354687 0.093750 0.134375
4 0.202344 0.578125 0.076563 0.121875
12 0.358594 0.571094 0.070312 0.098437
5 0.481250 0.556250 0.056250 0.156250
13 0.620313 0.560156 0.056250 0.051562
6 0.705469 0.571094 0.057813 0.148438
7 0.225000 0.807813 0.081250 0.153125
11 0.367969 0.796094 0.070312 0.104688
8 0.534375 0.789844 0.068750 0.179688
13 0.662500 0.781250 0.075000 0.062500
14 0.772656 0.784375 0.076563 0.125000
