14 0.232031 0.122656 0.070312 0.117188
9 0.361719 0.132812 0.064062 0.100000
1 0.490625 0.133594 0.087500 0.101562
13 0.610938 0.113281 0.062500 0.051562
0 0.692969 0.125000 0.026562 0.143750
2 0.264062 0.353906 0.075000 0.126562
10 0.387500 0.339844 0.059375 0.020313
3 0.508594 0.339844 0.070312 0.135937
13 0.647656 0.350781 0.070312 0.048438
4 0.739844 0.341406 0.073438 0.104688
5 0.243750 0.559375 0.068750 0.156250
12 0.406250 0.551562 0.062500 0.096875
6 0.511719 0.571875 0.067187 0.134375
13 0.640625 0.563281 0.059375 0.064062
5 0.764062 0.540625 0.065625 0.140625
7 0.249219 0.791406 0.089063 0.145313
11 0.398438 0.775781 0.068750 0.095312
8 0.484375 0.784375 0.062500 0.178125
13 0.641406 0.782031 0.057813 0.057813
0 0.753125 0.792188 0.031250 0.165625
