1 0.231250 0.157812 0.075000 0.096875
9 0.391406 0.156250 0.060937 0.096875
14 0.532813 0.151562 0.075000 0.109375
13 0.642188 0.160938 0.065625 0.050000
0 0.733594 0.162500 0.026562 0.140625
2 0.244531 0.400000 0.073438 0.140625
11 0.385937 0.376563 0.071875 0.103125
4 0.530469 0.385156 0.079687 0.110937
13 0.648438 0.386719 0.062500 0.070312
3 0.742969 0.407031 0.067187 0.176563
5 0.236719 0.615625 0.067187 0.143750
10 0.414844 0.598437 0.070312 0.021875
6 0.538281 0.603906 0.067187 0.126562
13 0.664062 0.605469 0.062500 0.060937
8 0.778125 0.628906 0.068750 0.185938
0 0.796094 0.839063 0.032813 0.159375
5 0.553906 0.804688 0.054688 0.153125
12 0.429688 0.821094 0.071875 0.101562
7 0.241406 0.850000 0.089063 0.140625
13 0.695312 0.820312 0.059375 0.059375
