1 0.210938 0.089063 0.084375 0.096875
9 0.354687 0.086719 0.065625 0.101562
2 0.494531 0.103906 0.073438 0.126562
13 0.648438 0.110937 0.065625 0.065625
3 0.790625 0.123438 0.106250 0.159375
4 0.203906 0.323437 0.082812 0.140625
10 0.334375 0.328125 0.068750 0.028125
5 0.485938 0.323437 0.065625 0.143750
13 0.655469 0.323437 0.057813 0.050000
6 0.771875 0.358594 0.081250 0.173437
14 0.200781 0.564844 0.067187 0.104688
8 0.196875 0.796875 0.059375 0.187500
12 0.365625 0.562500 0.071875 0.103125
0 0.514062 0.564844 0.025000 0.142187
13 0.667969 0.546094 0.067187 0.064062
7 0.792969 0.558594 0.089063 0.126562
11 0.365625 0.760156 0.053125 0.095312
14 0.483594 0.763281 0.064062 0.135937
13 0.659375 0.775000 0.065625 0.053125
1 0.788281 0.774219 0.095312 0.120313
