5 0.058594 0.105469 0.045312 0.110937
12 0.133594 0.114062 0.048438 0.071875
8 0.205469 0.111719 0.045312 0.104688
13 0.290625 0.111719 0.053125 0.045312
4 0.349219 0.111719 0.045312 0.073438
3 0.405469 0.119531 0.057813 0.089063
0 0.528125 0.103125 0.015625 0.068750
0 0.683594 0.104688 0.017188 0.078125
0 0.560156 0.221875 0.020313 0.065625
0 0.687500 0.229687 0.018750 0.071875
0 0.850781 0.103125 0.023438 0.065625
0 0.864844 0.225000 0.017188 0.081250
0 0.371094 0.406250 0.020313 0.100000
0 0.540625 0.400000 0.018750 0.078125
0 0.518750 0.604688 0.021875 0.081250
0 0.066406 0.772656 0.020313 0.089063
0 0.226562 0.759375 0.018750 0.090625
0 0.402344 0.771094 0.023438 0.101562
0 0.581250 0.778906 0.018750 0.098437
14 0.568750 0.103906 0.043750 0.073438
14 0.721094 0.105469 0.035937 0.073438
14 0.884375 0.103906 0.037500 0.057813
14 0.932813 0.106250 0.040625 0.059375
14 0.599219 0.223438 0.039062 0.059375
14 0.725781 0.232813 0.035937 0.065625
14 0.761719 0.222656 0.035937 0.067187
14 0.899219 0.225781 0.042188 0.060937
14 0.939844 0.223438 0.029687 0.062500
14 0.975000 0.218750 0.034375 0.050000
14 0.274219 0.766406 0.054688 0.070312
14 0.450000 0.772656 0.046875 0.076563
14 0.558594 0.600781 0.035937 0.064062
14 0.603906 0.603125 0.035937 0.065625
14 0.920312 0.600781 0.034375 0.064062
14 0.965625 0.608594 0.046875 0.067187
14 0.618750 0.771094 0.040625 0.079687
14 0.585938 0.409375 0.046875 0.062500
14 0.635156 0.414062 0.035937 0.062500
8 0.056250 0.259375 0.046875 0.112500
2 0.204687 0.264844 0.046875 0.104688
11 0.140625 0.257031 0.056250 0.064062
2 0.371875 0.260156 0.056250 0.107813
13 0.293750 0.258594 0.059375 0.035937
12 0.635156 0.106250 0.051562 0.078125
12 0.652344 0.221875 0.048438 0.075000
11 0.694531 0.407813 0.048438 0.059375
3 0.760156 0.417969 0.057813 0.085938
13 0.814063 0.100781 0.050000 0.039062
13 0.816406 0.217969 0.042188 0.042188
13 0.827344 0.410156 0.051562 0.039062
2 0.063281 0.425000 0.057813 0.096875
11 0.141406 0.412500 0.057813 0.062500
2 0.208594 0.413281 0.048438 0.101562
13 0.308594 0.409375 0.048438 0.043750
1 0.890625 0.401562 0.046875 0.075000
4 0.942187 0.413281 0.053125 0.076563
3 0.091406 0.625781 0.067187 0.092188
1 0.239844 0.610156 0.060937 0.076563
13 0.325781 0.604688 0.057813 0.037500
1 0.395313 0.607812 0.068750 0.075000
11 0.169531 0.615625 0.051562 0.075000
12 0.167187 0.764844 0.053125 0.073438
13 0.353906 0.760938 0.060937 0.037500
11 0.673438 0.758594 0.034375 0.060937
4 0.742969 0.763281 0.060937 0.076563
13 0.821094 0.764062 0.051562 0.043750
1 0.897656 0.775781 0.070312 0.082812
12 0.662500 0.600781 0.040625 0.067187
3 0.733594 0.595313 0.054688 0.084375
13 0.799219 0.598437 0.051562 0.043750
