3 0.242969 0.165625 0.076563 0.143750
9 0.378906 0.158594 0.073438 0.098437
4 0.502344 0.167969 0.085938 0.129688
13 0.635156 0.174219 0.064062 0.064062
5 0.739844 0.172656 0.060937 0.151562
6 0.240625 0.409375 0.081250 0.153125
11 0.361719 0.390625 0.057813 0.093750
7 0.486719 0.412500 0.073438 0.140625
13 0.631250 0.403906 0.081250 0.064062
8 0.754687 0.414062 0.062500 0.156250
0 0.242188 0.624219 0.031250 0.129688
12 0.373437 0.603906 0.065625 0.095312
14 0.506250 0.606250 0.059375 0.125000
13 0.646875 0.613281 0.062500 0.060937
1 0.776563 0.624219 0.100000 0.117188
14 0.754687 0.841406 0.053125 0.107813
2 0.244531 0.848437 0.073438 0.125000
10 0.379688 0.825000 0.065625 0.025000
5 0.522656 0.828125 0.067187 0.146875
13 0.643750 0.832812 0.062500 0.062500
