14 0.240625 0.121094 0.078125 0.110937
9 0.378125 0.131250 0.065625 0.096875
1 0.531250 0.127344 0.068750 0.098437
13 0.660937 0.133594 0.062500 0.060937
0 0.784375 0.142187 0.021875 0.156250
0 0.232813 0.352344 0.025000 0.120313
10 0.374219 0.332813 0.067187 0.025000
2 0.510156 0.339062 0.073438 0.134375
13 0.642969 0.351562 0.079687 0.068750
3 0.776563 0.350000 0.096875 0.150000
6 0.753125 0.553906 0.062500 0.164062
4 0.257031 0.539844 0.073438 0.114062
4 0.407031 0.539062 0.079687 0.087500
13 0.648438 0.535156 0.059375 0.064062
5 0.532031 0.526563 0.054688 0.137500
7 0.253125 0.801562 0.081250 0.140625
11 0.410156 0.768750 0.070312 0.096875
8 0.516406 0.800781 0.060937 0.185938
13 0.663281 0.796094 0.067187 0.064062
2 0.771094 0.807031 0.079687 0.139063
