5 0.220312 0.190625 0.071875 0.156250
9 0.392188 0.183594 0.059375 0.092188
0 0.535156 0.203906 0.023438 0.135937
13 0.667188 0.217188 0.065625 0.065625
14 0.785156 0.217969 0.064062 0.120313
1 0.248438 0.392969 0.078125 0.117188
2 0.544531 0.407813 0.073438 0.128125
10 0.391406 0.385937 0.054688 0.031250
13 0.671094 0.422656 0.064062 0.070312
3 0.790625 0.415625 0.081250 0.153125
6 0.792188 0.618750 0.093750 0.143750
4 0.242969 0.603125 0.085938 0.115625
11 0.394531 0.594531 0.085938 0.107813
5 0.543750 0.582031 0.062500 0.139063
7 0.227344 0.802344 0.076563 0.145313
12 0.418750 0.782031 0.075000 0.076563
8 0.542188 0.783594 0.056250 0.145313
3 0.698438 0.771094 0.059375 0.057813
3 0.797656 0.807813 0.082812 0.153125
13 0.680469 0.595313 0.057813 0.059375
