0 0.210156 0.198437 0.035937 0.125000
9 0.335156 0.200781 0.064062 0.098437
2 0.500781 0.210156 0.060937 0.123438
13 0.655469 0.212500 0.070312 0.065625
1 0.774219 0.215625 0.092188 0.109375
1 0.220312 0.422656 0.090625 0.107813
10 0.346094 0.407813 0.064062 0.021875
14 0.458594 0.424219 0.067187 0.104688
13 0.636719 0.425781 0.082812 0.064062
3 0.761719 0.435937 0.082812 0.175000
4 0.222656 0.591406 0.079687 0.126562
12 0.367188 0.589063 0.078125 0.081250
5 0.477344 0.582031 0.073438 0.167187
13 0.625000 0.596875 0.068750 0.056250
7 0.723437 0.624219 0.071875 0.126562
8 0.192188 0.819531 0.068750 0.167187
11 0.344531 0.785156 0.079687 0.098437
6 0.463281 0.810156 0.073438 0.142187
13 0.627344 0.797656 0.064062 0.060937
14 0.746875 0.810156 0.059375 0.110937
