7 0.207813 0.142969 0.103125 0.179688
0 0.201563 0.396094 0.028125 0.195312
12 0.378125 0.411719 0.093750 0.104688
9 0.350781 0.146094 0.070312 0.101562
8 0.500000 0.156250 0.068750 0.187500
13 0.666406 0.155469 0.079687 0.082812
14 0.785937 0.150781 0.065625 0.123438
1 0.554688 0.389062 0.109375 0.112500
13 0.691406 0.365625 0.085938 0.096875
2 0.829688 0.378125 0.084375 0.153125
3 0.200000 0.633594 0.112500 0.157812
11 0.390625 0.613281 0.087500 0.114062
4 0.531250 0.622656 0.093750 0.135937
13 0.682813 0.610156 0.081250 0.070312
5 0.819531 0.590625 0.070312 0.181250
6 0.192969 0.850781 0.070312 0.151562
10 0.374219 0.812500 0.089063 0.028125
7 0.556250 0.813281 0.112500 0.142187
13 0.702344 0.806250 0.082812 0.065625
6 0.830469 0.811719 0.070312 0.179688
