14 0.160156 0.178906 0.045312 0.092188
14 0.303906 0.160156 0.039062 0.057813
14 0.450781 0.154688 0.054688 0.096875
14 0.582031 0.151562 0.045312 0.062500
14 0.707031 0.149219 0.042188 0.079687
14 0.879687 0.157812 0.059375 0.096875
14 0.119531 0.319531 0.045312 0.098437
14 0.289062 0.307812 0.050000 0.075000
14 0.450781 0.299219 0.057813 0.089063
14 0.589063 0.300781 0.046875 0.064062
14 0.711719 0.294531 0.064062 0.089063
14 0.875781 0.297656 0.051562 0.064062
14 0.066406 0.467187 0.054688 0.090625
14 0.282813 0.445312 0.046875 0.087500
14 0.483594 0.435937 0.054688 0.090625
14 0.622656 0.432031 0.048438 0.082812
14 0.742969 0.437500 0.057813 0.087500
14 0.915625 0.452344 0.046875 0.079687
14 0.123438 0.567187 0.046875 0.090625
14 0.284375 0.574219 0.034375 0.079687
14 0.482031 0.578906 0.054688 0.114062
14 0.623437 0.560156 0.050000 0.082812
14 0.745313 0.555469 0.056250 0.098437
14 0.882812 0.568750 0.053125 0.078125
14 0.103125 0.707812 0.050000 0.090625
14 0.287500 0.689844 0.046875 0.070312
14 0.477344 0.696875 0.054688 0.084375
14 0.621875 0.691406 0.050000 0.092188
14 0.756250 0.692969 0.046875 0.089063
14 0.875781 0.701562 0.051562 0.081250
14 0.086719 0.835938 0.070312 0.090625
14 0.276562 0.805469 0.046875 0.076563
14 0.484375 0.839844 0.053125 0.101562
14 0.636719 0.821875 0.035937 0.053125
14 0.776563 0.830469 0.062500 0.101562
14 0.890625 0.838281 0.043750 0.067187
