0 0.217188 0.171875 0.021875 0.134375
12 0.348438 0.164062 0.062500 0.093750
1 0.475000 0.161719 0.071875 0.104688
13 0.592969 0.160156 0.060937 0.060937
2 0.724219 0.167969 0.073438 0.123438
2 0.209375 0.376563 0.065625 0.134375
9 0.353125 0.378906 0.075000 0.107813
3 0.471875 0.397656 0.087500 0.132812
13 0.611719 0.403125 0.073438 0.071875
4 0.714844 0.400000 0.079687 0.121875
5 0.210156 0.583594 0.057813 0.154688
11 0.357812 0.586719 0.068750 0.104688
6 0.492969 0.593750 0.057813 0.150000
13 0.629687 0.589844 0.065625 0.070312
7 0.747656 0.594531 0.076563 0.132812
14 0.737500 0.801562 0.059375 0.121875
13 0.635156 0.802344 0.051562 0.064062
10 0.366406 0.792969 0.054688 0.023438
8 0.218750 0.821094 0.068750 0.189062
0 0.505469 0.797656 0.023438 0.139063
