14 0.253125 0.207031 0.053125 0.110937
9 0.364844 0.187500 0.051562 0.087500
0 0.496875 0.196094 0.028125 0.129688
13 0.603125 0.198437 0.059375 0.050000
2 0.680469 0.204687 0.070312 0.112500
2 0.250000 0.396094 0.071875 0.129688
12 0.373437 0.409375 0.068750 0.096875
3 0.483594 0.386719 0.079687 0.154688
13 0.594531 0.375781 0.064062 0.054688
1 0.691406 0.384375 0.092188 0.115625
10 0.359375 0.785156 0.056250 0.020313
8 0.458594 0.801562 0.060937 0.140625
13 0.591406 0.801562 0.070312 0.059375
1 0.701562 0.794531 0.087500 0.117188
7 0.234375 0.801562 0.065625 0.140625
4 0.243750 0.595313 0.071875 0.128125
11 0.371094 0.581250 0.057813 0.100000
5 0.490625 0.563281 0.050000 0.170313
13 0.592969 0.571875 0.060937 0.071875
6 0.684375 0.595313 0.075000 0.159375
