4 0.288281 0.172656 0.067187 0.110937
9 0.405469 0.181250 0.073438 0.090625
5 0.500781 0.178906 0.045312 0.126562
13 0.614062 0.183594 0.050000 0.048438
6 0.722656 0.200000 0.057813 0.140625
7 0.289844 0.363281 0.082812 0.179688
10 0.402344 0.363281 0.070312 0.017188
8 0.495312 0.377344 0.062500 0.148438
13 0.625000 0.371094 0.078125 0.070312
14 0.731250 0.377344 0.059375 0.117188
14 0.291406 0.567187 0.070312 0.134375
12 0.421875 0.576562 0.078125 0.084375
1 0.539062 0.567969 0.078125 0.110937
13 0.639062 0.574219 0.068750 0.064062
0 0.714063 0.576562 0.018750 0.128125
0 0.279687 0.785156 0.021875 0.135937
11 0.410938 0.778906 0.059375 0.092188
2 0.528906 0.789062 0.067187 0.131250
13 0.657031 0.792188 0.060937 0.065625
3 0.753906 0.800781 0.073438 0.151562
