8 0.217188 0.207813 0.078125 0.162500
12 0.363281 0.210156 0.064062 0.089063
0 0.473438 0.197656 0.018750 0.142187
13 0.603125 0.198437 0.068750 0.059375
14 0.710938 0.204687 0.056250 0.106250
14 0.231250 0.410938 0.065625 0.118750
9 0.356250 0.393750 0.062500 0.103125
1 0.466406 0.396875 0.076563 0.103125
13 0.610156 0.392969 0.067187 0.057813
2 0.696094 0.400000 0.089063 0.134375
3 0.231250 0.601562 0.103125 0.143750
10 0.356250 0.581250 0.068750 0.025000
4 0.460156 0.577344 0.070312 0.110937
13 0.612500 0.576562 0.065625 0.059375
5 0.730469 0.571875 0.067187 0.150000
6 0.225000 0.825000 0.081250 0.131250
11 0.366406 0.792969 0.076563 0.098437
7 0.478125 0.804688 0.068750 0.131250
13 0.616406 0.784375 0.054688 0.059375
8 0.719531 0.813281 0.067187 0.176563
