14 0.224219 0.166406 0.070312 0.120313
9 0.353906 0.155469 0.064062 0.082812
0 0.491406 0.164062 0.026562 0.140625
13 0.628906 0.167187 0.076563 0.062500
1 0.752344 0.152344 0.104688 0.114062
2 0.253125 0.392969 0.075000 0.126562
12 0.383594 0.366406 0.070312 0.098437
3 0.514062 0.359375 0.087500 0.134375
13 0.646094 0.362500 0.064062 0.059375
4 0.757812 0.362500 0.081250 0.128125
5 0.217969 0.561719 0.064062 0.139063
8 0.196094 0.799219 0.070312 0.204687
10 0.360156 0.760156 0.070312 0.017188
11 0.346875 0.559375 0.071875 0.106250
6 0.508594 0.560156 0.064062 0.145313
5 0.517969 0.751563 0.070312 0.140625
13 0.636719 0.771875 0.060937 0.068750
13 0.641406 0.557031 0.054688 0.060937
7 0.734375 0.579688 0.068750 0.134375
6 0.746875 0.770312 0.065625 0.146875
