7 0.093750 0.137500 0.062500 0.093750
5 0.230469 0.133594 0.045312 0.098437
13 0.308594 0.142187 0.054688 0.050000
3 0.397656 0.137500 0.060937 0.081250
7 0.453125 0.139844 0.043750 0.092188
1 0.589844 0.146094 0.060937 0.073438
12 0.645312 0.142187 0.050000 0.068750
7 0.714844 0.143750 0.064062 0.087500
13 0.779687 0.144531 0.053125 0.045312
0 0.823438 0.152344 0.025000 0.114062
5 0.871094 0.145313 0.045312 0.103125
6 0.079687 0.300781 0.062500 0.089063
12 0.168750 0.299219 0.046875 0.067187
0 0.228906 0.296875 0.023438 0.103125
13 0.285156 0.296875 0.045312 0.043750
6 0.366406 0.296875 0.048438 0.106250
6 0.598437 0.314063 0.053125 0.081250
12 0.678125 0.305469 0.056250 0.073438
1 0.753125 0.310937 0.059375 0.068750
13 0.815625 0.310937 0.046875 0.037500
0 0.867969 0.310937 0.023438 0.096875
3 0.929688 0.314063 0.062500 0.103125
0 0.058594 0.440625 0.017188 0.084375
7 0.102344 0.435937 0.048438 0.087500
11 0.165625 0.446094 0.043750 0.060937
2 0.227344 0.448437 0.039062 0.103125
13 0.304688 0.446875 0.053125 0.050000
5 0.371094 0.439063 0.051562 0.118750
6 0.569531 0.472656 0.042188 0.079687
6 0.623437 0.462500 0.037500 0.078125
11 0.682031 0.464062 0.048438 0.056250
6 0.741406 0.471875 0.042188 0.093750
13 0.832031 0.466406 0.048438 0.042188
0 0.886719 0.461719 0.026562 0.092188
0 0.935156 0.468750 0.026562 0.112500
6 0.045312 0.597656 0.043750 0.089063
6 0.100000 0.607812 0.037500 0.081250
10 0.165625 0.595313 0.040625 0.018750
0 0.221094 0.602344 0.020313 0.085938
6 0.265625 0.613281 0.037500 0.104688
13 0.332813 0.617188 0.050000 0.056250
5 0.395313 0.610156 0.040625 0.095312
14 0.446094 0.617188 0.048438 0.065625
5 0.600000 0.614062 0.037500 0.115625
14 0.645312 0.620313 0.040625 0.078125
10 0.703906 0.610156 0.048438 0.010937
4 0.783594 0.621875 0.051562 0.081250
1 0.842969 0.620313 0.051562 0.056250
13 0.898438 0.617188 0.046875 0.040625
7 0.954688 0.637500 0.053125 0.087500
7 0.055469 0.779687 0.060937 0.096875
12 0.132812 0.787500 0.050000 0.059375
5 0.205469 0.783594 0.045312 0.114062
13 0.276562 0.788281 0.053125 0.051562
3 0.357812 0.790625 0.050000 0.096875
7 0.417969 0.794531 0.057813 0.085938
8 0.603906 0.808594 0.048438 0.101562
5 0.657813 0.805469 0.037500 0.098437
5 0.803125 0.801562 0.037500 0.090625
10 0.721094 0.798438 0.032813 0.018750
13 0.853125 0.806250 0.040625 0.040625
0 0.764062 0.808594 0.021875 0.089063
7 0.909375 0.814063 0.040625 0.087500
14 0.953125 0.822656 0.034375 0.051562
