8 0.171875 0.231250 0.084375 0.187500
10 0.335156 0.213281 0.070312 0.032813
14 0.454688 0.224219 0.075000 0.145313
13 0.606250 0.223438 0.068750 0.068750
0 0.729688 0.208594 0.034375 0.154688
1 0.208594 0.421094 0.098437 0.117188
9 0.353125 0.415625 0.075000 0.109375
2 0.482031 0.430469 0.076563 0.154688
13 0.619531 0.421875 0.073438 0.068750
3 0.750000 0.418750 0.090625 0.153125
4 0.211719 0.597656 0.089063 0.135937
12 0.344531 0.625781 0.079687 0.085938
5 0.484375 0.593750 0.068750 0.150000
13 0.635156 0.601562 0.079687 0.068750
6 0.762500 0.621094 0.087500 0.160938
7 0.196875 0.834375 0.090625 0.153125
11 0.346094 0.810156 0.076563 0.104688
8 0.471875 0.827344 0.062500 0.173437
13 0.614844 0.821094 0.073438 0.064062
1 0.728906 0.822656 0.117188 0.129688
