0 0.258594 0.224219 0.020313 0.107813
9 0.342187 0.221094 0.056250 0.089063
1 0.467187 0.218750 0.068750 0.090625
13 0.573438 0.212500 0.059375 0.053125
2 0.657813 0.219531 0.071875 0.123438
3 0.248438 0.416406 0.081250 0.145313
10 0.342187 0.403906 0.056250 0.023438
4 0.455469 0.404687 0.079687 0.118750
13 0.583594 0.399219 0.067187 0.048438
5 0.684375 0.392188 0.053125 0.150000
6 0.260937 0.599219 0.059375 0.117188
12 0.386719 0.592969 0.070312 0.085938
7 0.493750 0.591406 0.071875 0.114062
13 0.598437 0.575781 0.056250 0.048438
8 0.695312 0.603906 0.062500 0.170313
14 0.292969 0.807031 0.060937 0.117188
11 0.420312 0.784375 0.056250 0.093750
6 0.543750 0.796094 0.065625 0.129688
13 0.657813 0.791406 0.056250 0.054688
5 0.741406 0.790625 0.054688 0.153125
