0 0.228906 0.185938 0.029687 0.115625
9 0.348438 0.176563 0.056250 0.093750
1 0.486719 0.178125 0.076563 0.096875
13 0.634375 0.183594 0.065625 0.064062
14 0.721875 0.178125 0.056250 0.093750
2 0.258594 0.400781 0.076563 0.132812
10 0.372656 0.381250 0.060937 0.018750
3 0.504687 0.384375 0.084375 0.146875
13 0.640625 0.382812 0.065625 0.059375
4 0.747656 0.377344 0.082812 0.117188
5 0.254688 0.567969 0.062500 0.145313
12 0.395313 0.588281 0.071875 0.085938
6 0.525000 0.595313 0.065625 0.134375
13 0.653906 0.580469 0.070312 0.060937
7 0.760938 0.588281 0.068750 0.132812
8 0.228906 0.806250 0.067187 0.187500
11 0.385156 0.792188 0.067187 0.106250
1 0.552344 0.796875 0.095312 0.115625
13 0.665625 0.781250 0.071875 0.059375
5 0.785156 0.759375 0.064062 0.150000
