8 0.235156 0.167187 0.079687 0.184375
12 0.400000 0.153125 0.078125 0.087500
14 0.531250 0.155469 0.062500 0.135937
13 0.662500 0.150781 0.071875 0.060937
0 0.755469 0.156250 0.039062 0.162500
1 0.264844 0.376563 0.117188 0.115625
9 0.417969 0.364063 0.076563 0.125000
2 0.553906 0.367969 0.085938 0.148438
13 0.696094 0.371094 0.070312 0.073438
3 0.802344 0.376563 0.089063 0.150000
4 0.258594 0.570312 0.082812 0.146875
11 0.404687 0.568750 0.075000 0.112500
5 0.542969 0.549219 0.067187 0.167187
13 0.714844 0.596094 0.070312 0.073438
6 0.815625 0.602344 0.065625 0.164062
7 0.241406 0.823438 0.092188 0.156250
10 0.403125 0.788281 0.081250 0.029687
8 0.557031 0.807813 0.073438 0.196875
13 0.728906 0.805469 0.076563 0.070312
5 0.867969 0.796094 0.064062 0.167187
