14 0.161719 0.138281 0.060937 0.114062
14 0.299219 0.133594 0.054688 0.085938
14 0.435156 0.128906 0.051562 0.095312
14 0.571875 0.110156 0.056250 0.117188
14 0.683594 0.118750 0.045312 0.081250
14 0.831250 0.117188 0.071875 0.134375
14 0.147656 0.281250 0.051562 0.093750
14 0.288281 0.272656 0.042188 0.073438
14 0.421875 0.275000 0.050000 0.115625
14 0.560156 0.265625 0.039062 0.081250
14 0.688281 0.267969 0.067187 0.085938
14 0.817187 0.277344 0.046875 0.067187
14 0.142969 0.403125 0.048438 0.062500
14 0.292969 0.402344 0.035937 0.060937
14 0.402344 0.422656 0.057813 0.095312
14 0.546875 0.412500 0.046875 0.071875
14 0.691406 0.402344 0.054688 0.092188
14 0.826562 0.414844 0.056250 0.079687
14 0.147656 0.563281 0.045312 0.089063
14 0.143750 0.700000 0.043750 0.090625
14 0.141406 0.821875 0.026562 0.053125
14 0.285156 0.546094 0.045312 0.076563
14 0.296094 0.690625 0.054688 0.096875
14 0.292187 0.838281 0.046875 0.098437
14 0.412500 0.558594 0.056250 0.076563
14 0.428906 0.689844 0.045312 0.076563
14 0.427344 0.835938 0.039062 0.053125
14 0.547656 0.547656 0.042188 0.082812
14 0.571875 0.692969 0.059375 0.101562
14 0.707031 0.542969 0.048438 0.098437
14 0.834375 0.553906 0.046875 0.095312
14 0.727344 0.696094 0.045312 0.085938
14 0.842969 0.682813 0.064062 0.103125
14 0.564063 0.859375 0.053125 0.106250
14 0.724219 0.854688 0.035937 0.106250
14 0.851562 0.867188 0.053125 0.090625
