14 0.194531 0.153125 0.054688 0.118750
9 0.329688 0.160156 0.050000 0.092188
0 0.463281 0.159375 0.026562 0.118750
13 0.587500 0.157812 0.056250 0.056250
1 0.704688 0.153125 0.075000 0.106250
2 0.190625 0.367188 0.068750 0.140625
10 0.316406 0.350781 0.051562 0.023438
3 0.452344 0.360938 0.092188 0.137500
13 0.593750 0.370312 0.053125 0.065625
4 0.694531 0.371094 0.079687 0.107813
5 0.184375 0.560937 0.059375 0.156250
12 0.339062 0.554688 0.071875 0.093750
6 0.462500 0.571094 0.068750 0.139063
13 0.609375 0.574219 0.065625 0.064062
7 0.708594 0.581250 0.076563 0.128125
8 0.190625 0.771094 0.071875 0.198437
11 0.337500 0.760156 0.065625 0.089063
14 0.462500 0.782813 0.059375 0.121875
13 0.610156 0.782813 0.067187 0.056250
1 0.740625 0.775781 0.081250 0.104688
