1 0.233594 0.160938 0.076563 0.096875
10 0.339062 0.153906 0.056250 0.026562
0 0.449219 0.152344 0.026562 0.110937
13 0.574219 0.155469 0.073438 0.060937
14 0.703125 0.153125 0.062500 0.093750
2 0.246094 0.357812 0.070312 0.137500
12 0.365625 0.343750 0.068750 0.096875
4 0.474219 0.343750 0.085938 0.128125
13 0.607812 0.354687 0.081250 0.078125
3 0.708594 0.367969 0.082812 0.148438
6 0.209375 0.544531 0.062500 0.107813
11 0.351562 0.532031 0.053125 0.092188
7 0.456250 0.545312 0.071875 0.137500
13 0.588281 0.551562 0.067187 0.053125
8 0.696094 0.585156 0.070312 0.185938
5 0.235156 0.778906 0.070312 0.132812
9 0.356250 0.780469 0.065625 0.092188
6 0.453125 0.788281 0.071875 0.145313
13 0.595313 0.779687 0.068750 0.062500
7 0.708594 0.800000 0.085938 0.140625
