1 0.233594 0.182812 0.092188 0.093750
9 0.353125 0.182812 0.065625 0.096875
0 0.469531 0.178906 0.023438 0.123438
13 0.590625 0.182812 0.065625 0.059375
14 0.696875 0.185156 0.062500 0.110937
2 0.237500 0.351562 0.062500 0.128125
12 0.343750 0.364844 0.078125 0.085938
3 0.479687 0.360938 0.081250 0.137500
13 0.593750 0.353906 0.068750 0.067187
4 0.690625 0.356250 0.075000 0.112500
5 0.220312 0.521875 0.059375 0.118750
6 0.465625 0.535937 0.068750 0.125000
11 0.360938 0.520312 0.068750 0.087500
13 0.598437 0.527344 0.065625 0.064062
7 0.689063 0.542969 0.081250 0.123438
8 0.233594 0.747656 0.073438 0.167187
10 0.371875 0.743750 0.059375 0.025000
14 0.484375 0.728125 0.053125 0.096875
13 0.628906 0.730469 0.067187 0.067187
1 0.736719 0.735938 0.104688 0.118750
