1 0.214062 0.161719 0.081250 0.117188
10 0.348438 0.152344 0.068750 0.023438
0 0.467969 0.149219 0.026562 0.148438
13 0.623437 0.166406 0.068750 0.060937
14 0.724219 0.178125 0.070312 0.115625
2 0.232813 0.364063 0.078125 0.137500
12 0.372656 0.370312 0.073438 0.096875
3 0.503906 0.369531 0.089063 0.145313
13 0.639062 0.378125 0.075000 0.078125
5 0.740625 0.370312 0.065625 0.156250
6 0.227344 0.571875 0.076563 0.140625
11 0.378125 0.557031 0.084375 0.095312
7 0.526563 0.574219 0.090625 0.145313
13 0.656250 0.581250 0.065625 0.078125
8 0.761719 0.621875 0.073438 0.187500
4 0.241406 0.805469 0.092188 0.132812
9 0.386719 0.804688 0.076563 0.112500
5 0.517188 0.771875 0.062500 0.175000
13 0.661719 0.794531 0.076563 0.076563
11 0.757031 0.832812 0.057813 0.175000
