14 0.177344 0.156250 0.067187 0.140625
9 0.314844 0.159375 0.067187 0.112500
0 0.463281 0.168750 0.026562 0.143750
13 0.596875 0.176563 0.062500 0.062500
1 0.701562 0.171875 0.090625 0.118750
2 0.186719 0.394531 0.085938 0.142187
10 0.310937 0.382031 0.065625 0.026562
3 0.436719 0.417187 0.089063 0.162500
13 0.586719 0.392188 0.057813 0.071875
5 0.697656 0.398438 0.060937 0.159375
6 0.174219 0.641406 0.079687 0.167187
12 0.327344 0.603125 0.067187 0.096875
7 0.450781 0.639844 0.089063 0.157812
13 0.584375 0.612500 0.068750 0.059375
8 0.691406 0.652344 0.073438 0.182812
4 0.187500 0.878906 0.087500 0.132812
11 0.307031 0.867969 0.060937 0.085938
6 0.441406 0.884375 0.064062 0.140625
13 0.575000 0.880469 0.062500 0.067187
5 0.692187 0.886719 0.062500 0.182812
