1 0.238281 0.167187 0.107813 0.121875
9 0.347656 0.164844 0.070312 0.104688
2 0.486719 0.185156 0.098437 0.142187
3 0.776563 0.195312 0.093750 0.168750
13 0.661719 0.186719 0.079687 0.067187
4 0.243750 0.428906 0.078125 0.114062
10 0.362500 0.411719 0.071875 0.020313
5 0.484375 0.404687 0.065625 0.159375
13 0.621875 0.413281 0.059375 0.057813
6 0.737500 0.428125 0.075000 0.159375
7 0.227344 0.650781 0.089063 0.132812
11 0.357031 0.635156 0.067187 0.126562
8 0.461719 0.656250 0.067187 0.178125
13 0.622656 0.654687 0.076563 0.065625
14 0.768750 0.657031 0.071875 0.117188
0 0.224219 0.876563 0.020313 0.143750
12 0.371094 0.880469 0.076563 0.101562
6 0.517188 0.875781 0.075000 0.151562
13 0.646875 0.860156 0.081250 0.054688
1 0.759375 0.875000 0.109375 0.140625
