7 0.075000 0.097656 0.053125 0.079687
7 0.138281 0.105469 0.051562 0.092188
7 0.725000 0.249219 0.050000 0.085938
7 0.249219 0.419531 0.045312 0.089063
7 0.761719 0.417969 0.070312 0.092188
11 0.196875 0.105469 0.053125 0.076563
11 0.201563 0.560156 0.050000 0.064062
11 0.687500 0.727344 0.053125 0.073438
3 0.263281 0.104688 0.051562 0.096875
3 0.871875 0.092969 0.056250 0.085938
3 0.925781 0.097656 0.051562 0.101562
3 0.070312 0.241406 0.065625 0.098437
3 0.129688 0.246875 0.056250 0.096875
3 0.250781 0.244531 0.060937 0.095312
3 0.396094 0.246875 0.057813 0.087500
3 0.564063 0.239063 0.053125 0.087500
1 0.371094 0.111719 0.045312 0.073438
1 0.419531 0.110937 0.060937 0.084375
1 0.548438 0.107031 0.059375 0.073438
1 0.607031 0.092969 0.060937 0.064062
1 0.746875 0.102344 0.050000 0.073438
1 0.935937 0.257812 0.075000 0.075000
1 0.964844 0.414844 0.070312 0.082812
1 0.125000 0.420312 0.062500 0.075000
1 0.786719 0.736719 0.064062 0.067187
13 0.315625 0.117969 0.050000 0.045312
13 0.814844 0.092969 0.057813 0.042188
13 0.798438 0.250781 0.053125 0.045312
13 0.828125 0.420312 0.050000 0.050000
13 0.828125 0.568750 0.053125 0.040625
13 0.859375 0.736719 0.053125 0.042188
13 0.324219 0.413281 0.054688 0.042188
13 0.353906 0.551562 0.057813 0.046875
13 0.319531 0.720313 0.045312 0.043750
13 0.331250 0.249219 0.046875 0.051562
14 0.444531 0.253906 0.045312 0.070312
14 0.616406 0.249219 0.045312 0.070312
14 0.454688 0.413281 0.046875 0.057813
14 0.629687 0.437500 0.050000 0.078125
14 0.135937 0.553125 0.043750 0.078125
14 0.758594 0.564844 0.045312 0.073438
2 0.059375 0.418750 0.050000 0.081250
2 0.864844 0.254688 0.042188 0.087500
2 0.896875 0.413281 0.056250 0.098437
2 0.076563 0.558594 0.050000 0.085938
2 0.388281 0.718750 0.054688 0.109375
2 0.555469 0.735156 0.051562 0.085938
2 0.925781 0.739844 0.051562 0.104688
10 0.187500 0.235937 0.046875 0.018750
10 0.672656 0.243750 0.045312 0.018750
10 0.686719 0.414062 0.039062 0.021875
5 0.260937 0.549219 0.046875 0.114062
5 0.080469 0.714063 0.051562 0.115625
5 0.231250 0.717969 0.043750 0.110937
5 0.446094 0.717187 0.042188 0.106250
5 0.614844 0.731250 0.057813 0.103125
4 0.422656 0.553125 0.064062 0.087500
4 0.578906 0.556250 0.073438 0.093750
4 0.921094 0.578125 0.048438 0.078125
2 0.705469 0.566406 0.032813 0.089063
14 0.977344 0.582812 0.042188 0.062500
9 0.198437 0.411719 0.046875 0.073438
9 0.153125 0.725781 0.059375 0.076563
12 0.642969 0.560156 0.051562 0.064062
3 0.400000 0.411719 0.056250 0.079687
3 0.571875 0.421094 0.053125 0.095312
12 0.667969 0.096094 0.064062 0.060937
0 0.734375 0.739062 0.021875 0.084375
