1 0.246875 0.163281 0.075000 0.107813
9 0.352344 0.162500 0.064062 0.093750
0 0.468750 0.164844 0.028125 0.126562
13 0.573438 0.160938 0.053125 0.062500
14 0.673438 0.178906 0.068750 0.114062
2 0.237500 0.377344 0.087500 0.123438
10 0.350781 0.364844 0.067187 0.023438
3 0.460156 0.365625 0.082812 0.134375
13 0.580469 0.384375 0.060937 0.068750
4 0.680469 0.378906 0.092188 0.139063
5 0.230469 0.571875 0.070312 0.153125
5 0.360156 0.576562 0.054688 0.109375
6 0.462500 0.593750 0.068750 0.156250
13 0.585938 0.594531 0.062500 0.073438
7 0.670312 0.614844 0.075000 0.126562
8 0.220312 0.802344 0.065625 0.185938
12 0.360938 0.775781 0.056250 0.107813
1 0.487500 0.785937 0.103125 0.103125
13 0.603906 0.789844 0.060937 0.067187
14 0.688281 0.805469 0.060937 0.110937
