1 0.226562 0.173437 0.084375 0.087500
9 0.353906 0.172656 0.060937 0.085938
0 0.471094 0.177344 0.029687 0.120313
13 0.594531 0.175781 0.064062 0.060937
14 0.707812 0.175000 0.062500 0.103125
2 0.242188 0.389062 0.081250 0.125000
12 0.375781 0.373437 0.076563 0.096875
3 0.489063 0.375781 0.087500 0.151562
13 0.625781 0.387500 0.073438 0.071875
4 0.720313 0.379688 0.090625 0.131250
5 0.224219 0.560937 0.064062 0.165625
11 0.369531 0.567187 0.067187 0.103125
6 0.473438 0.584375 0.056250 0.137500
13 0.615625 0.571875 0.075000 0.062500
7 0.706250 0.594531 0.075000 0.132812
8 0.236719 0.810156 0.076563 0.170313
10 0.377344 0.784375 0.057813 0.021875
5 0.501563 0.785156 0.056250 0.154688
13 0.617969 0.800000 0.067187 0.068750
14 0.728906 0.805469 0.073438 0.120313
