2 0.255469 0.173437 0.089063 0.121875
10 0.364063 0.157812 0.075000 0.025000
1 0.478906 0.169531 0.089063 0.092188
13 0.622656 0.179688 0.085938 0.075000
0 0.739062 0.172656 0.031250 0.151562
14 0.256250 0.389844 0.084375 0.139063
9 0.386719 0.374219 0.070312 0.129688
3 0.509375 0.374219 0.100000 0.176563
13 0.641406 0.397656 0.064062 0.076563
4 0.737500 0.396094 0.081250 0.132812
5 0.255469 0.600000 0.079687 0.156250
11 0.392969 0.610156 0.070312 0.114062
6 0.527344 0.621875 0.070312 0.175000
13 0.657031 0.607031 0.067187 0.073438
7 0.767969 0.614844 0.085938 0.151562
8 0.240625 0.850781 0.075000 0.207813
12 0.410156 0.804688 0.076563 0.100000
1 0.553906 0.814844 0.092188 0.114062
13 0.675781 0.816406 0.076563 0.067187
14 0.783594 0.820312 0.060937 0.106250
